2 0.3609375 0.5359375 0.1078125 0.1
2 0.6375 0.521875 0.1515625 0.0796875
2 0.5125 0.4109375 0.0734375 0.0625
2 0.6375 0.4390625 0.1171875 0.0734375
2 0.3328125 0.3796875 0.1234375 0.075
2 0.5375 0.4734375 0.1109375 0.1046875
2 0.3109375 0.484375 0.078125 0.0890625
2 0.45 0.7015625 0.14375 0.0765625
2 0.4359375 0.4546875 0.1125 0.0828125
2 0.5546875 0.575 0.1375 0.0703125
2 0.6265625 0.6375 0.1171875 0.109375
2 0.4734375 0.51875 0.1078125 0.0703125
2 0.6765625 0.3609375 0.103125 0.08125
2 0.396875 0.3640625 0.028125 0.0265625
2 0.33125 0.6484375 0.11875 0.084375
2 0.4265625 0.4015625 0.109375 0.06875
2 0.4796875 0.33125 0.1265625 0.0765625
2 0.45 0.61875 0.1421875 0.0796875
2 0.5703125 0.3796875 0.134375 0.084375