2 0.6484375 0.4625 0.08125 0.096875
2 0.4921875 0.55625 0.075 0.0859375
2 0.35625 0.56875 0.0859375 0.0796875
2 0.5640625 0.4953125 0.0953125 0.0796875
2 0.5015625 0.4859375 0.0703125 0.06875
2 0.4921875 0.2953125 0.053125 0.071875
2 0.55 0.3265625 0.084375 0.071875
2 0.346875 0.475 0.0875 0.075
2 0.6453125 0.384375 0.0796875 0.0765625
2 0.453125 0.3578125 0.0984375 0.0765625
2 0.5953125 0.4453125 0.04375 0.0546875
2 0.4203125 0.5234375 0.0765625 0.0953125
2 0.634375 0.5296875 0.0859375 0.0671875
2 0.475 0.634375 0.1171875 0.0734375
2 0.3578125 0.3671875 0.03125 0.025
2 0.340625 0.4015625 0.075 0.078125
2 0.44375 0.4328125 0.0984375 0.0734375
2 0.5671875 0.578125 0.0796875 0.0953125
2 0.6203125 0.7765625 0.0921875 0.1
2 0.6578125 0.60625 0.1109375 0.075
2 0.5703125 0.3953125 0.090625 0.065625
2 0.6921875 0.75625 0.071875 0.1078125
2 0.6953125 0.5140625 0.0671875 0.0671875
2 0.3046875 0.4578125 0.01875 0.0296875