2 0.47375 0.5246875 0.48875 0.5121875 0.51125 0.4559375 0.51 0.4109375 0.48624999999999996 0.36593749999999997 0.4575 0.3409375 0.41125 0.32218749999999996 0.3825 0.31843750000000004 0.34875 0.32218749999999996 0.31 0.3409375 0.28625 0.3696875 0.27375 0.3959375 0.26875 0.4221875 0.2725 0.4734375 0.28375 0.5071875 0.3225 0.5409375 0.365 0.5559375 0.43875000000000003 0.5446875 0.47375 0.5246875
2 0.63125 0.4446875 0.6625 0.4459375 0.6925 0.4221875 0.71375 0.38093750000000004 0.7162499999999999 0.3359375 0.705 0.3021875 0.67875 0.27468750000000003 0.6475 0.2571875 0.58125 0.2421875 0.53125 0.2484375 0.5037499999999999 0.25968749999999996 0.49749999999999994 0.2671875 0.49749999999999994 0.3109375 0.46875 0.3546875 0.49749999999999994 0.39468749999999997 0.51125 0.4359375 0.5625 0.45218749999999996 0.63125 0.4446875
2 0.70875 0.6509375000000001 0.75125 0.6171875 0.765 0.5946875 0.77 0.5746875 0.7675 0.5359375 0.74875 0.4984375 0.70125 0.46218750000000003 0.645 0.4421875 0.595 0.44343750000000004 0.5549999999999999 0.4609375 0.5237499999999999 0.4859375 0.50625 0.5284375 0.505 0.5634375 0.5387500000000001 0.5959375 0.5675 0.6459374999999999 0.57875 0.6546875 0.6212500000000001 0.6584375 0.70875 0.6509375000000001
2 0.48125 0.7709374999999999 0.5675 0.7284375 0.56875 0.7046875 0.575 0.6971875 0.5825 0.6659375 0.575 0.6371875 0.5625 0.6121875 0.5325 0.5771875 0.48875 0.5521874999999999 0.41624999999999995 0.5446875 0.3525 0.5584374999999999 0.30874999999999997 0.5846875 0.29375 0.6221875 0.2875 0.6509375000000001 0.31124999999999997 0.7059375 0.34875 0.7396874999999999 0.3875 0.7609375 0.41624999999999995 0.7696875000000001 0.48125 0.7709374999999999
2 0.8025 0.7484375 0.78125 0.7096875 0.735 0.6709375 0.6875 0.6521874999999999 0.63375 0.6534375 0.595 0.6609375 0.57875 0.6696875 0.5662499999999999 0.6846875 0.54 0.7646875 0.54125 0.7871875 0.56875 0.8321875000000001 0.78125 0.8321875000000001 0.8025 0.7984375 0.80625 0.7771874999999999 0.8025 0.7484375
2 0.99875 0.7146874999999999 0.99875 0.6071875 0.975 0.5784374999999999 0.9412499999999999 0.5609375 0.8875 0.5584374999999999 0.8375 0.5771875 0.7925 0.6059375 0.77 0.6359375 0.7625 0.6571875 0.76 0.6884375 0.7875 0.7221875 0.8099999999999999 0.7784375 0.8487500000000001 0.7871875 0.925 0.7846875 0.99875 0.7146874999999999
2 0.2325 0.5909375 0.25875 0.5684375 0.28375 0.5134375 0.28375 0.4809375 0.27125 0.43218750000000006 0.26 0.4109375 0.22625 0.38093750000000004 0.1875 0.3646875 0.12125 0.3621875 0.07125000000000001 0.38468749999999996 0.042499999999999996 0.4134375 0.03875 0.42718749999999994 0.03 0.4359375 0.025 0.4609375 0.0225 0.48968749999999994 0.0325 0.5084375 0.12375 0.6009375 0.1375 0.6096874999999999 0.19375 0.6096874999999999 0.2325 0.5909375
2 0.13 0.22718750000000001 0.14750000000000002 0.2796875 0.1825 0.3246875 0.2125 0.3434375 0.26125 0.3559375 0.30125 0.3559375 0.3375 0.33218749999999997 0.385 0.3196875 0.39875 0.2946875 0.40750000000000003 0.2634375 0.40625 0.24093749999999997 0.39625 0.2071875 0.3675 0.1671875 0.14250000000000002 0.1671875 0.13 0.1909375 0.13 0.22718750000000001
2 0.7525000000000001 0.6209374999999999 0.75625 0.6259375 0.76625 0.6209374999999999 0.78125 0.5971875 0.7849999999999999 0.5671875 0.7787499999999999 0.5534375 0.79125 0.5384375 0.8324999999999999 0.5209374999999999 0.8625 0.5171875 0.875 0.5421875 0.8875 0.5446875 0.9175000000000001 0.5196875000000001 0.93 0.49468750000000006 0.93125 0.46218750000000003 0.78625 0.3196875 0.7675 0.3246875 0.7275 0.36843750000000003 0.71875 0.43843750000000004 0.7175 0.4721875 0.7462500000000001 0.5021875 0.77125 0.5446875 0.76875 0.5934375000000001 0.75625 0.6109375 0.7525000000000001 0.6209374999999999
2 0.52125 0.2546875 0.54625 0.24343750000000003 0.5725 0.2109375 0.58875 0.1671875 0.3625 0.1684375 0.385 0.19718750000000002 0.41375 0.2496875 0.4425 0.2634375 0.47125000000000006 0.2646875 0.52125 0.2546875
2 0 0.4021875 0.05125 0.4059375 0.09875 0.36593749999999997 0.13125 0.3109375 0.13625 0.2621875 0.1275 0.1834375 0.11499999999999999 0.1796875 0.1 0.1896875 0.00375 0.2834375 0 0.2884375 0 0.4021875