2 0.5671875 0.4890625 0.1953125 0.0921875
2 0.5421875 0.3953125 0.1734375 0.0953125
2 0.4578125 0.4671875 0.1375 0.0984375
2 0.5984375 0.259375 0.1578125 0.109375
2 0.615625 0.35625 0.1609375 0.090625
2 0.6734375 0.5546875 0.1125 0.0984375
2 0.3671875 0.38125 0.190625 0.0984375
2 0.4 0.28125 0.1875 0.10625
2 0.4140625 0.5640625 0.1421875 0.125
2 0.553125 0.60625 0.1484375 0.1390625
2 0.3734375 0.6640625 0.1984375 0.0984375
2 0.671875 0.6640625 0.1140625 0.103125
2 0.59375 0.890625 0.1859375 0.1328125
2 0.65 0.434375 0.1015625 0.078125
2 0.496875 0.2046875 0.1125 0.1015625
2 0.3140625 0.5015625 0.084375 0.1375