2 0.3015625 0.4375 0.0609375 0.1265625
2 0.3796875 0.5921875 0.11875 0.11875
2 0.35 0.4171875 0.0625 0.06875
2 0.4921875 0.571875 0.1125 0.1078125
2 0.5703125 0.3171875 0.146875 0.09375
2 0.51875 0.23125 0.0765625 0.1
2 0.4296875 0.271875 0.128125 0.0921875
2 0.3921875 0.353125 0.1296875 0.08125
2 0.4875 0.478125 0.103125 0.0875
2 0.4359375 0.403125 0.1375 0.0875
2 0.390625 0.484375 0.1359375 0.103125
2 0.509375 0.66875 0.16875 0.09375
2 0.575 0.4140625 0.1421875 0.096875
2 0.3109375 0.521875 0.0796875 0.0875
2 0.6765625 0.6 0.1046875 0.1
2 0.6 0.5359375 0.1125 0.1234375
2 0.6890625 0.4796875 0.0796875 0.0953125
2 0.30625 0.33125 0.0703125 0.09375
2 0.703125 0.3859375 0.05 0.0921875
2 0.309375 0.8453125 0.075 0.1359375
2 0.296875 0.621875 0.0515625 0.0921875
2 0.7078125 0.3390625 0.040625 0.034375
2 0.3734375 0.3015625 0.0296875 0.0328125
2 0.7140625 0.565625 0.0296875 0.0359375
2 0.3265625 0.296875 0.01875 0.015625
2 0.2828125 0.59375 0.025 0.0328125
2 0.31875 0.40625 0.021875 0.046875