2 0.825 0.4296875 0.2046875 0.2421875
2 0.3859375 0.4359375 0.2265625 0.234375
2 0.6421875 0.5484375 0.2609375 0.215625
2 0.2625 0.2609375 0.259375 0.184375
2 0.1546875 0.4875 0.246875 0.2484375
2 0.5859375 0.3390625 0.25 0.2078125
2 0.4375 0.6625 0.265625 0.221875
2 0.8828125 0.6671875 0.2203125 0.2234375
2 0.68125 0.74375 0.253125 0.171875
2 0.0640625 0.29375 0.1234375 0.2203125
2 0.225 0.6921875 0.1640625 0.1671875
2 0.5609375 0.190625 0.0359375 0.0421875
2 0.46875 0.2125 0.21875 0.0875
2 0.65625 0.21875 0.1359375 0.0984375
2 0.1515625 0.265625 0.0421875 0.0859375