2 0.39375 0.5609375 0.084375 0.0921875
2 0.5734375 0.528125 0.0671875 0.0921875
2 0.478125 0.53125 0.0921875 0.078125
2 0.371875 0.39375 0.065625 0.09375
2 0.4859375 0.675 0.0875 0.0859375
2 0.45625 0.603125 0.0671875 0.084375
2 0.603125 0.45 0.075 0.0953125
2 0.4171875 0.51875 0.053125 0.046875
2 0.4515625 0.4609375 0.0703125 0.0796875
2 0.3890625 0.64375 0.0734375 0.078125
2 0.678125 0.4375 0.0703125 0.0984375
2 0.6375 0.5703125 0.0953125 0.0828125
2 0.3421875 0.5078125 0.0703125 0.084375
2 0.6328125 0.771875 0.1046875 0.0875
2 0.58125 0.30625 0.0796875 0.071875
2 0.390625 0.3375 0.0671875 0.0609375