2 0.4921875 0.540625 0.1515625 0.0875
2 0.5 0.2328125 0.1421875 0.09375
2 0.40625 0.3734375 0.1359375 0.0921875
2 0.41875 0.45625 0.1234375 0.084375
2 0.5046875 0.3328125 0.08125 0.071875
2 0.5109375 0.4171875 0.128125 0.125
2 0.4140625 0.3046875 0.1359375 0.075
2 0.5484375 0.6296875 0.15 0.1203125
2 0.340625 0.6671875 0.140625 0.0921875
2 0.5984375 0.4953125 0.159375 0.103125
2 0.365625 0.5703125 0.1515625 0.103125
2 0.578125 0.3125 0.1484375 0.1078125
2 0.3296875 0.2609375 0.1171875 0.0859375
2 0.6859375 0.315625 0.0828125 0.09375
2 0.634375 0.396875 0.1359375 0.084375
2 0.315625 0.4515625 0.0875 0.1109375