2 0.446875 0.4984375 0.2765625 0.2765625
2 0.29375 0.5125 0.1578125 0.21875
2 0.68125 0.61875 0.26875 0.309375
2 0.8796875 0.49375 0.2390625 0.2796875
2 0.365625 0.284375 0.2734375 0.23125
2 0.63125 0.321875 0.2625 0.2703125
2 0.30625 0.1765625 0.0390625 0.015625
2 0.240625 0.5796875 0.0390625 0.0375
2 0.68125 0.1953125 0.0234375 0.0140625
2 0.590625 0.18125 0.0515625 0.021875
2 0.3015625 0.403125 0.0671875 0.0265625
2 0.403125 0.18125 0.0328125 0.0171875
2 0.653125 0.7546875 0.046875 0.0359375
2 0.228125 0.5875 0.015625 0.0203125
2 0.275 0.40625 0.0203125 0.025
2 0.253125 0.2125 0.0109375 0.01875