2 0.5890625 0.5 0.1359375 0.0890625
2 0.4359375 0.41875 0.1421875 0.078125
2 0.6765625 0.5515625 0.10625 0.078125
2 0.5703125 0.428125 0.128125 0.075
2 0.4625 0.3421875 0.1359375 0.084375
2 0.50625 0.4859375 0.1 0.078125
2 0.60625 0.321875 0.115625 0.084375
2 0.58125 0.5921875 0.1078125 0.10625
2 0.4765625 0.5609375 0.103125 0.0984375
2 0.6171875 0.3984375 0.125 0.0703125
2 0.6765625 0.6390625 0.1046875 0.0828125
2 0.6140625 0.8140625 0.13125 0.10625
2 0.4375 0.6390625 0.1671875 0.0765625
2 0.6953125 0.4828125 0.06875 0.10625
2 0.3078125 0.3703125 0.075 0.08125
2 0.3109375 0.45 0.078125 0.08125
2 0.384375 0.5140625 0.10625 0.10625
2 0.3078125 0.5546875 0.0703125 0.0890625
2 0.646875 0.4578125 0.06875 0.059375
2 0.5328125 0.28125 0.08125 0.0796875