2 0.075 0.26875 0.1453125 0.2
2 0.684375 0.253125 0.2296875 0.165625
2 0.890625 0.34375 0.2140625 0.2453125
2 0.6296875 0.4359375 0.2453125 0.21875
2 0.5625 0.6515625 0.259375 0.228125
2 0.89375 0.740625 0.2078125 0.1796875
2 0.8015625 0.5640625 0.2515625 0.2265625
2 0.059375 0.6796875 0.115625 0.2625
2 0.4515625 0.3265625 0.2390625 0.2203125
2 0.396875 0.7625 0.0734375 0.04375
2 0.2390625 0.271875 0.2125 0.20625
2 0.68125 0.7890625 0.2625 0.0859375
2 0.1453125 0.4765625 0.259375 0.23125
2 0.4328125 0.7890625 0.228125 0.0859375
2 0.3671875 0.5328125 0.225 0.2265625
2 0.0171875 0.4328125 0.0328125 0.1703125
2 0.3984375 0.2015625 0.196875 0.0671875
2 0.1640625 0.1828125 0.06875 0.0296875