2 0.3765625 0.79375 0.1 0.09375
2 0.6828125 0.596875 0.0921875 0.0796875
2 0.45 0.5890625 0.090625 0.0953125
2 0.34375 0.6109375 0.121875 0.078125
2 0.5984375 0.446875 0.1078125 0.0765625
2 0.534375 0.5734375 0.084375 0.0859375
2 0.4609375 0.5046875 0.1046875 0.0828125
2 0.36875 0.465625 0.0921875 0.096875
2 0.6921875 0.5015625 0.0734375 0.075
2 0.5484375 0.6515625 0.128125 0.075
2 0.38125 0.5359375 0.096875 0.0671875
2 0.5953125 0.371875 0.1140625 0.0765625
2 0.61875 0.5453125 0.0859375 0.0953125
2 0.309375 0.5125 0.0765625 0.06875
2 0.4890625 0.334375 0.0984375 0.071875
2 0.3046875 0.7625 0.065625 0.109375
2 0.5328125 0.4984375 0.0765625 0.06875
2 0.5546875 0.3046875 0.059375 0.0765625
2 0.375 0.384375 0.09375 0.0765625
2 0.4609375 0.4 0.103125 0.065625
2 0.49375 0.4390625 0.103125 0.0703125
2 0.4296875 0.4484375 0.0484375 0.0546875
2 0.703125 0.425 0.0515625 0.084375