2 0.56875 0.659375 0.2546875 0.2375
2 0.4453125 0.315625 0.240625 0.2328125
2 0.3671875 0.540625 0.2234375 0.2328125
2 0.8109375 0.55625 0.25625 0.240625
2 0.678125 0.2421875 0.234375 0.1453125
2 0.6296875 0.4265625 0.2484375 0.23125
2 0.246875 0.7296875 0.24375 0.1984375
2 0.384375 0.1953125 0.18125 0.053125
2 0.9046875 0.7375 0.1859375 0.1796875
2 0.0578125 0.7 0.109375 0.2515625
2 0.0640625 0.271875 0.11875 0.2015625
2 0.140625 0.490625 0.2609375 0.2453125
2 0.2234375 0.2734375 0.2171875 0.2078125
2 0.89375 0.3203125 0.2109375 0.259375
2 0.446875 0.7984375 0.209375 0.065625
2 0.6953125 0.7921875 0.2578125 0.0734375