2 0 0.8321875000000001 0.99875 0.8321875000000001 0.99875 0.1671875 0.013750000000000002 0.1671875 0.00125 0.17093750000000002 0 0.8321875000000001
2 0 0.41218750000000004 0.0225 0.43968749999999995 0.052500000000000005 0.4646875 0.08499999999999999 0.4809375 0.135 0.45968749999999997 0.18375 0.4534375 0.20750000000000002 0.42093749999999996 0.21749999999999997 0.3884375 0.21749999999999997 0.37093750000000003 0.205 0.3171875 0.1825 0.2671875 0.14625 0.2346875 0.12125 0.2246875 0.08875 0.21968749999999998 0.0475 0.22718750000000001 0.005 0.2659375 0 0.2734375 0 0.41218750000000004
2 0.18875 0.2496875 0.2 0.2621875 0.20249999999999999 0.2734375 0.21749999999999997 0.2534375 0.23125 0.2584375 0.24125000000000002 0.27218749999999997 0.24375 0.29093749999999996 0.25375000000000003 0.30343749999999997 0.2575 0.3209375 0.26749999999999996 0.3296875 0.28625 0.3334375 0.31625000000000003 0.3259375 0.35625 0.3246875 0.365 0.32218749999999996 0.39 0.2971875 0.41500000000000004 0.2609375 0.43 0.2109375 0.43 0.1671875 0.20875 0.1671875 0.1875 0.2134375 0.18875 0.2496875
2 0.5825 0.4234375 0.64625 0.4184375 0.7 0.4359375 0.69375 0.4171875 0.6825 0.4134375 0.67125 0.40093750000000006 0.6799999999999999 0.3909375 0.68125 0.3559375 0.6487499999999999 0.2759375 0.61125 0.2384375 0.585 0.22218749999999998 0.54 0.20593750000000002 0.4875 0.2071875 0.42874999999999996 0.24343750000000003 0.41375 0.2846875 0.41500000000000004 0.3234375 0.40875000000000006 0.3359375 0.4575 0.3784375 0.49000000000000005 0.42718749999999994 0.54625 0.4409375 0.5825 0.4234375
2 0.8609375 0.4640625 0.2421875 0.271875
2 0.178125 0.575 0.2859375 0.2265625
2 0.47000000000000003 0.5234375 0.4875 0.49468750000000006 0.4925 0.47468750000000004 0.49124999999999996 0.44718749999999996 0.475 0.39718749999999997 0.43375 0.3521875 0.39249999999999996 0.3334375 0.34875 0.3234375 0.31375000000000003 0.3246875 0.29 0.33218749999999997 0.26125 0.3546875 0.24 0.4021875 0.23875000000000002 0.4296875 0.25125000000000003 0.4721875 0.29 0.5096875 0.3275 0.5371875 0.445 0.5359375 0.47000000000000003 0.5234375
2 0.44125 0.7784375 0.47625 0.7809375000000001 0.50625 0.7746875 0.5349999999999999 0.7596875 0.5625 0.7309375 0.575 0.7009375 0.575 0.6821875000000001 0.56375 0.6446875000000001 0.5225 0.5859375 0.4875 0.5571875000000001 0.44749999999999995 0.5409375 0.39625 0.5409375 0.35125 0.5546875 0.325 0.5821875000000001 0.30625 0.6284375 0.31124999999999997 0.6659375 0.32625000000000004 0.7109375 0.365 0.7484375 0.40499999999999997 0.7684375 0.44125 0.7784375
2 0.71 0.6221875 0.74125 0.5671875 0.7462500000000001 0.5484375 0.7424999999999999 0.4984375 0.72 0.4571875 0.68875 0.43218750000000006 0.6425 0.41593749999999996 0.5925 0.4171875 0.55 0.4371875 0.5287499999999999 0.4609375 0.51125 0.5134375 0.51125 0.5534375 0.53125 0.6046875 0.55625 0.6334375 0.6075 0.6559375000000001 0.655 0.6521874999999999 0.71 0.6221875
2 0.8724999999999999 0.8034375 0.89 0.7484375 0.88375 0.6996875 0.8675 0.6621875 0.8387499999999999 0.6334375 0.7849999999999999 0.6109375 0.745 0.6096874999999999 0.6925 0.6296875 0.6525000000000001 0.6634375 0.63 0.7096875 0.63 0.7571875 0.63625 0.7759375000000001 0.67125 0.8196875 0.6925 0.8309374999999999 0.8474999999999999 0.8321875000000001 0.8724999999999999 0.8034375
2 0 0.8321875000000001 0.20625 0.8321875000000001 0.2225 0.8159375000000001 0.2225 0.7821875 0.215 0.7721875 0.20875 0.7346874999999999 0.1975 0.7109375 0.18125 0.6934375 0.13999999999999999 0.6696875 0.11875 0.6646875 0.0625 0.6696875 0.0325 0.6871875000000001 0.0075 0.7096875 0 0.7184375000000001 0 0.8321875000000001
2 0.32625000000000004 0.7571875 0.28250000000000003 0.7696875000000001 0.2525 0.7859375 0.2 0.8309374999999999 0.4575 0.8321875000000001 0.4575 0.8246874999999999 0.44875 0.8009375000000001 0.4325 0.7821875 0.365 0.7546875 0.32625000000000004 0.7571875
2 0.515 0.7721875 0.48375 0.7971874999999999 0.46125 0.8271875 0.45875000000000005 0.8321875000000001 0.68125 0.8321875000000001 0.635 0.7771874999999999 0.585 0.7584375 0.5425 0.7609375 0.515 0.7721875
2 0.9712500000000001 0.8084374999999999 0.99875 0.8059375 0.99875 0.5421875 0.9712500000000001 0.5546875 0.9175000000000001 0.6021875 0.89 0.6559375000000001 0.8862500000000001 0.6746875 0.89 0.7121875 0.89875 0.7396874999999999 0.9225 0.7759375000000001 0.9375 0.7921875 0.9712500000000001 0.8084374999999999
2 0.65125 0.2459375 0.6475 0.27218749999999997 0.6525000000000001 0.2959375 0.67375 0.3359375 0.705 0.36593749999999997 0.74375 0.3746875 0.76 0.3734375 0.83125 0.3484375 0.8625 0.30093749999999997 0.8724999999999999 0.2546875 0.86625 0.20968749999999997 0.8425 0.1671875 0.68875 0.1671875 0.6675 0.19718750000000002 0.65125 0.2459375
2 0.8699999999999999 0.2171875 0.865 0.2959375 0.94375 0.3571875 0.985 0.3571875 0.99875 0.34968750000000004 0.99875 0.1671875 0.845 0.1671875 0.845 0.1784375 0.8699999999999999 0.2171875