2 0.628125 0.534375 0.215625 0.221875
2 0.8515625 0.478125 0.2515625 0.2234375
2 0.434375 0.653125 0.2515625 0.225
2 0.3671875 0.4359375 0.2453125 0.2171875
2 0.1953125 0.5640625 0.2453125 0.221875
2 0.315625 0.2515625 0.2296875 0.1640625
2 0.9296875 0.2671875 0.140625 0.19375
2 0.109375 0.3453125 0.2125 0.2453125
2 0.759375 0.271875 0.2078125 0.203125
2 0.10625 0.740625 0.203125 0.1734375
2 0.5484375 0.325 0.2421875 0.2234375
2 0.753125 0.7203125 0.2421875 0.2125
2 0.9421875 0.6796875 0.1125 0.2546875
2 0.6 0.2 0.1890625 0.0640625