2 0.54375 0.296875 0.1015625 0.0875
2 0.6609375 0.3515625 0.1078125 0.0921875
2 0.5296875 0.2046875 0.121875 0.09375
2 0.65 0.4703125 0.1078125 0.1
2 0.3875 0.48125 0.0984375 0.115625
2 0.4078125 0.16875 0.1046875 0.0921875
2 0.421875 0.2953125 0.115625 0.0859375
2 0.48125 0.4546875 0.0921875 0.10625
2 0.671875 0.259375 0.0921875 0.0984375
2 0.3859375 0.2515625 0.1109375 0.0796875
2 0.390625 0.3765625 0.115625 0.0984375
2 0.5703125 0.4140625 0.09375 0.11875
2 0.3140625 0.421875 0.0875 0.0828125
2 0.503125 0.5484375 0.1453125 0.0890625
2 0.30625 0.234375 0.06875 0.0921875
2 0.48125 0.1265625 0.065625 0.0984375
2 0.4703125 0.3640625 0.0875 0.0859375
2 0.3234375 0.728125 0.10625 0.1234375
2 0.3046875 0.3359375 0.0671875 0.1234375
2 0.3515625 0.315625 0.05625 0.06875
2 0.30625 0.515625 0.071875 0.0921875