2 0.6109375 0.434375 0.2109375 0.2234375
2 0.409375 0.3453125 0.2421875 0.2
2 0.5609375 0.65625 0.2578125 0.2109375
2 0.84375 0.48125 0.2390625 0.234375
2 0.7265625 0.259375 0.2453125 0.1796875
2 0.11875 0.6703125 0.228125 0.2203125
2 0.359375 0.5484375 0.2515625 0.20625
2 0.3265625 0.740625 0.2515625 0.1765625
2 0.1765625 0.4375 0.2 0.234375
2 0.5203125 0.2140625 0.2078125 0.0875
2 0.771875 0.6828125 0.1640625 0.1671875
2 0.9296875 0.290625 0.1265625 0.2046875
2 0.340625 0.221875 0.14375 0.1078125