2 0.6171875 0.4484375 0.1421875 0.090625
2 0.6453125 0.5375 0.1484375 0.1015625
2 0.471875 0.4421875 0.153125 0.0953125
2 0.4921875 0.70625 0.18125 0.0921875
2 0.3265625 0.4875 0.1109375 0.0984375
2 0.6640625 0.409375 0.1296875 0.0859375
2 0.528125 0.6125 0.1125 0.115625
2 0.4953125 0.346875 0.146875 0.0984375
2 0.3265625 0.6109375 0.1109375 0.10625
2 0.65 0.3171875 0.125 0.0984375
2 0.321875 0.390625 0.1 0.1
2 0.5546875 0.51875 0.109375 0.0921875
2 0.565625 0.2703125 0.0859375 0.1
2 0.6421875 0.6453125 0.1171875 0.1265625
2 0.421875 0.559375 0.1171875 0.1234375
2 0.675 0.909375 0.1046875 0.128125
2 0.70625 0.5890625 0.0453125 0.0875