2 0.4234375 0.4578125 0.1015625 0.11875
2 0.5140625 0.634375 0.1 0.1265625
2 0.584375 0.559375 0.121875 0.0984375
2 0.61875 0.475 0.0953125 0.103125
2 0.459375 0.55625 0.0890625 0.11875
2 0.3765625 0.6046875 0.1265625 0.109375
2 0.534375 0.3953125 0.1140625 0.096875
2 0.4046875 0.34375 0.0984375 0.10625
2 0.6125 0.653125 0.0875 0.1
2 0.540625 0.490625 0.0859375 0.1
2 0.56875 0.7390625 0.1140625 0.10625
2 0.6640625 0.5453125 0.0703125 0.0609375
2 0.6828125 0.6 0.09375 0.121875
2 0.60625 0.3359375 0.1015625 0.1171875
2 0.6859375 0.4703125 0.0796875 0.1109375
2 0.45625 0.275 0.103125 0.0890625
2 0.3234375 0.4390625 0.0921875 0.1265625
2 0.69375 0.31875 0.071875 0.0765625
2 0.478125 0.9171875 0.1171875 0.1546875
2 0.6875 0.703125 0.0796875 0.0984375
2 0.7046875 0.3875 0.05 0.115625
2 0.3734375 0.8609375 0.1453125 0.109375
2 0.38125 0.2953125 0.0359375 0.025
2 0.48125 0.840625 0.05 0.0265625
2 0.321875 0.3890625 0.0578125 0.03125
2 0.33125 0.5671875 0.040625 0.0390625
2 0.415625 0.29375 0.025 0.0234375