2 0.471875 0.5140625 0.1140625 0.084375
2 0.665625 0.5140625 0.090625 0.1203125
2 0.546875 0.453125 0.10625 0.11875
2 0.625 0.59375 0.078125 0.10625
2 0.3359375 0.4515625 0.1015625 0.109375
2 0.3921875 0.3859375 0.1078125 0.0875
2 0.5171875 0.678125 0.1265625 0.1
2 0.4390625 0.75 0.103125 0.125
2 0.5578125 0.59375 0.1 0.10625
2 0.3859375 0.6671875 0.09375 0.115625
2 0.6234375 0.725 0.1125 0.121875
2 0.5421875 0.775 0.090625 0.103125
2 0.4734375 0.60625 0.090625 0.1015625
2 0.6484375 0.4375 0.0953125 0.0734375
2 0.4953125 0.8578125 0.11875 0.1109375
2 0.3546875 0.56875 0.1046875 0.11875
2 0.3171875 0.7171875 0.090625 0.1046875
2 0.6890625 0.659375 0.078125 0.109375
2 0.628125 0.8234375 0.1 0.0921875
2 0.5984375 0.66875 0.071875 0.0625
2 0.3171875 0.3640625 0.0890625 0.0765625
2 0.315625 0.9578125 0.0890625 0.0828125
2 0.3984375 0.978125 0.1046875 0.040625