2 0.4203125 0.6171875 0.0734375 0.0828125
2 0.4453125 0.54375 0.103125 0.0796875
2 0.4921875 0.409375 0.096875 0.0796875
2 0.484375 0.490625 0.071875 0.0828125
2 0.4328125 0.3625 0.0859375 0.09375
2 0.4171875 0.471875 0.078125 0.08125
2 0.3546875 0.5734375 0.0890625 0.0984375
2 0.6 0.3734375 0.084375 0.0890625
2 0.559375 0.315625 0.0859375 0.071875
2 0.5484375 0.540625 0.0734375 0.0953125
2 0.665625 0.4109375 0.04375 0.0234375
2 0.6171875 0.5828125 0.109375 0.0875
2 0.5234375 0.8296875 0.0953125 0.1203125
2 0.3796875 0.53125 0.059375 0.0515625
2 0.58125 0.4609375 0.0828125 0.0984375
2 0.6109375 0.7890625 0.11875 0.0890625
2 0.5015625 0.6046875 0.0828125 0.1
2 0.6640625 0.4515625 0.0765625 0.1
2 0.3546875 0.34375 0.0765625 0.0609375
2 0.4515625 0.690625 0.0984375 0.0859375
2 0.3625 0.46875 0.065625 0.0859375
2 0.346875 0.653125 0.0796875 0.0734375
2 0.334375 0.403125 0.0734375 0.0953125