2 0.453125 0.43125 0.1828125 0.0953125
2 0.5640625 0.4984375 0.146875 0.13125
2 0.3796875 0.3421875 0.13125 0.115625
2 0.275 0.275 0.009375 0.059375
2 0.33125 0.4265625 0.103125 0.0640625
2 0.425 0.534375 0.11875 0.1125
2 0.5078125 0.6203125 0.1546875 0.1203125
2 0.6234375 0.40625 0.1296875 0.1234375
2 0.4875 0.24375 0.15625 0.109375
2 0.3265625 0.603125 0.1109375 0.1109375
2 0.3265625 0.4921875 0.1125 0.125
2 0.6546875 0.2984375 0.1453125 0.1234375
2 0.303125 0.35625 0.0625 0.125
2 0.3703125 0.19375 0.140625 0.1296875
2 0.6609375 0.1734375 0.1359375 0.1171875
2 0.615625 0.2421875 0.053125 0.028125
2 0.5 0.346875 0.1171875 0.1046875
2 0.284375 0.190625 0.028125 0.0703125
2 0.5765625 0.1078125 0.1515625 0.0953125
2 0.4859375 0.1 0.0421875 0.040625
2 0.6609375 0.796875 0.1375 0.1578125
2 0.3 0.6375 0.059375 0.05
2 0.30625 0.296875 0.0640625 0.028125