2 0.5546875 0.3546875 0.09375 0.0875
2 0.4546875 0.590625 0.0921875 0.1015625
2 0.559375 0.4640625 0.0859375 0.0859375
2 0.615625 0.5703125 0.0984375 0.096875
2 0.4859375 0.3953125 0.103125 0.08125
2 0.54375 0.6125 0.078125 0.0859375
2 0.5234375 0.5328125 0.109375 0.0828125
2 0.33125 0.5609375 0.1109375 0.09375
2 0.36875 0.35 0.0875 0.0875
2 0.38125 0.44375 0.090625 0.0953125
2 0.596875 0.525 0.0640625 0.0484375
2 0.5 0.68125 0.103125 0.090625
2 0.409375 0.5234375 0.08125 0.0953125
2 0.64375 0.340625 0.0828125 0.0609375
2 0.41875 0.29375 0.09375 0.071875
2 0.65625 0.403125 0.078125 0.1
2 0.6171875 0.65625 0.0859375 0.0828125
2 0.6203125 0.465625 0.0703125 0.0921875
2 0.6859375 0.5203125 0.084375 0.0890625
2 0.4875 0.4734375 0.078125 0.08125
2 0.409375 0.8234375 0.1078125 0.128125
2 0.3265625 0.771875 0.1125 0.090625
2 0.303125 0.425 0.0640625 0.1015625
2 0.2953125 0.5296875 0.040625 0.034375
2 0.4140625 0.759375 0.04375 0.025
2 0.4875 0.553125 0.0296875 0.034375
2 0.35 0.3078125 0.0328125 0.01875
2 0.68125 0.328125 0.0171875 0.028125
2 0.2953125 0.3828125 0.046875 0.0265625