2 0.3734375 0.375 0.115625 0.1109375
2 0.4265625 0.4609375 0.146875 0.103125
2 0.475 0.384375 0.1015625 0.1015625
2 0.328125 0.4546875 0.0890625 0.0640625
2 0.31875 0.5140625 0.096875 0.1234375
2 0.471875 0.284375 0.1375 0.1046875
2 0.55625 0.153125 0.128125 0.09375
2 0.375 0.23125 0.1234375 0.1234375
2 0.315625 0.621875 0.090625 0.10625
2 0.628125 0.221875 0.121875 0.1125
2 0.5796875 0.4453125 0.109375 0.121875
2 0.4015625 0.5609375 0.103125 0.1078125
2 0.4640625 0.646875 0.1359375 0.1140625
2 0.521875 0.53125 0.125 0.1265625
2 0.58125 0.2859375 0.046875 0.0265625
2 0.615625 0.3390625 0.1265625 0.1203125
2 0.48125 0.140625 0.0375 0.0390625
2 0.5984375 0.8234375 0.14375 0.153125
2 0.3046875 0.3796875 0.0671875 0.1203125
2 0.671875 0.490625 0.1140625 0.1171875
2 0.5890625 0.746875 0.0625 0.0265625
2 0.309375 0.328125 0.059375 0.028125
2 0.2890625 0.6578125 0.0375 0.0421875
2 0.29375 0.2203125 0.04375 0.0734375
2 0.678125 0.75625 0.096875 0.1140625
2 0.28125 0.296875 0.021875 0.0921875
2 0.5546875 0.3859375 0.040625 0.01875