2 0.1421875 0.453125 0.253125 0.2703125
2 0.3875 0.4171875 0.234375 0.253125
2 0.2 0.684375 0.1703125 0.19375
2 0.4203125 0.671875 0.271875 0.24375
2 0.659375 0.7546875 0.271875 0.15
2 0.6390625 0.5625 0.26875 0.2359375
2 0.6046875 0.3328125 0.2609375 0.2296875
2 0.278125 0.24375 0.26875 0.15
2 0.503125 0.2 0.1890625 0.0625
2 0.353125 0.7984375 0.1546875 0.0671875
2 0.8796875 0.7125 0.234375 0.234375
2 0.8421875 0.4546875 0.209375 0.265625
2 0.06875 0.259375 0.13125 0.18125
2 0.6859375 0.2171875 0.140625 0.0984375
2 0.1765625 0.21875 0.078125 0.103125