2 0.5515625 0.5015625 0.1265625 0.0828125
2 0.365625 0.453125 0.1296875 0.0828125
2 0.4578125 0.5015625 0.096875 0.071875
2 0.6796875 0.603125 0.096875 0.084375
2 0.6796875 0.7953125 0.0984375 0.115625
2 0.5421875 0.390625 0.1171875 0.065625
2 0.6421875 0.3671875 0.115625 0.0765625
2 0.5828125 0.4390625 0.0578125 0.0546875
2 0.4921875 0.325 0.125 0.0734375
2 0.40625 0.2984375 0.075 0.08125
2 0.35625 0.55625 0.1125 0.0984375
2 0.3609375 0.371875 0.1328125 0.078125
2 0.3078125 0.61875 0.0703125 0.08125
2 0.45625 0.6671875 0.1640625 0.0796875
2 0.7109375 0.496875 0.0328125 0.0671875
2 0.2890625 0.5171875 0.034375 0.0703125