2 0.490625 0.440625 0.0921875 0.06875
2 0.4640625 0.50625 0.09375 0.0796875
2 0.48125 0.3390625 0.0859375 0.071875
2 0.5296875 0.496875 0.06875 0.0671875
2 0.534375 0.5703125 0.0734375 0.0859375
2 0.459375 0.590625 0.0796875 0.0953125
2 0.3828125 0.4703125 0.08125 0.0984375
2 0.5390625 0.30625 0.0546875 0.0734375
2 0.384375 0.39375 0.08125 0.0765625
2 0.434375 0.453125 0.04375 0.0515625
2 0.6078125 0.5390625 0.078125 0.09375
2 0.459375 0.4046875 0.0875 0.0640625
2 0.578125 0.371875 0.0984375 0.075
2 0.5515625 0.646875 0.11875 0.071875
2 0.584375 0.4453125 0.0984375 0.075
2 0.68125 0.4921875 0.0890625 0.0734375
2 0.6703125 0.5859375 0.0890625 0.0796875
2 0.3953125 0.5390625 0.0859375 0.0671875
2 0.403125 0.7859375 0.0921875 0.1015625
2 0.3671875 0.6140625 0.1109375 0.078125
2 0.3203125 0.5203125 0.09375 0.06875
2 0.690625 0.4171875 0.075 0.08125
2 0.31875 0.765625 0.096875 0.109375