2 0.3109375 0.321875 0.08125 0.08125
2 0.33125 0.4078125 0.1203125 0.0828125
2 0.5796875 0.3046875 0.1296875 0.0765625
2 0.3703125 0.475 0.121875 0.0921875
2 0.575 0.384375 0.0734375 0.0578125
2 0.575 0.4546875 0.1203125 0.1
2 0.403125 0.3171875 0.1421875 0.0703125
2 0.6796875 0.44375 0.1 0.06875
2 0.484375 0.4828125 0.115625 0.06875
2 0.3125 0.575 0.0828125 0.08125
2 0.6484375 0.5234375 0.1453125 0.0859375
2 0.6453125 0.371875 0.1375 0.090625
2 0.5453125 0.55625 0.1390625 0.075
2 0.48125 0.4140625 0.1296875 0.0765625
2 0.4234375 0.5734375 0.1390625 0.0875
2 0.4890625 0.3578125 0.1359375 0.0609375
2 0.3859375 0.653125 0.1546875 0.0734375
2 0.5859375 0.63125 0.1453125 0.09375