2 0.4453125 0.48125 0.0859375 0.075
2 0.4203125 0.5609375 0.125 0.1265625
2 0.334375 0.621875 0.125 0.0984375
2 0.5265625 0.734375 0.15625 0.096875
2 0.6515625 0.4375 0.1546875 0.0875
2 0.4953125 0.6125 0.1234375 0.0890625
2 0.621875 0.63125 0.121875 0.1203125
2 0.4078125 0.684375 0.153125 0.0875
2 0.534375 0.534375 0.1265625 0.0984375
2 0.53125 0.8359375 0.1640625 0.09375
2 0.540625 0.4671875 0.1234375 0.0828125
2 0.3328125 0.7640625 0.125 0.13125
2 0.478125 0.3828125 0.140625 0.0921875
2 0.6640625 0.7671875 0.13125 0.1015625
2 0.68125 0.565625 0.0953125 0.10625
2 0.321875 0.51875 0.1015625 0.0921875