2 0.63125 0.4265625 0.2484375 0.23125
2 0.225 0.2734375 0.2171875 0.2078125
2 0.1375 0.4890625 0.2625 0.246875
2 0.8921875 0.3203125 0.2109375 0.259375
2 0.4421875 0.31875 0.24375 0.234375
2 0.678125 0.24375 0.2390625 0.1484375
2 0.9015625 0.7375 0.1890625 0.184375
2 0.36875 0.5421875 0.2296875 0.240625
2 0.8109375 0.55625 0.25625 0.240625
2 0.56875 0.6578125 0.2640625 0.2453125
2 0.69375 0.7921875 0.2640625 0.0765625
2 0.446875 0.796875 0.2203125 0.0703125
2 0.4046875 0.784375 0.0765625 0.05
2 0.384375 0.196875 0.1921875 0.05625
2 0.0640625 0.2734375 0.125 0.209375
2 0.059375 0.703125 0.1125 0.259375
2 0.1375 0.1796875 0.046875 0.025
2 0.0109375 0.4265625 0.0203125 0.09375
2 0.3828125 0.7890625 0.0265625 0.0265625
2 0.928125 0.1953125 0.0453125 0.0171875
2 0.03125 0.8140625 0.0484375 0.0375
2 0.6703125 0.6 0.05625 0.103125
2 0.30625 0.803125 0.0828125 0.0609375
2 0.05625 0.5375 0.103125 0.121875
2 0.915625 0.203125 0.08125 0.03125