2 0.49375 0.5578125 0.0828125 0.0875
2 0.603125 0.4359375 0.046875 0.0515625
2 0.43125 0.4328125 0.10625 0.075
2 0.571875 0.490625 0.1015625 0.08125
2 0.6578125 0.371875 0.0890625 0.0765625
2 0.4109375 0.5296875 0.084375 0.0953125
2 0.5765625 0.3875 0.0921875 0.0625
2 0.325 0.4828125 0.096875 0.075
2 0.6765625 0.6 0.1046875 0.0734375
2 0.6515625 0.7765625 0.1015625 0.1046875
2 0.340625 0.5796875 0.0984375 0.0796875
2 0.6640625 0.453125 0.0921875 0.096875
2 0.3140625 0.4078125 0.0828125 0.08125
2 0.478125 0.6375 0.1296875 0.075
2 0.4796875 0.2890625 0.0578125 0.078125
2 0.5359375 0.371875 0.0359375 0.03125
2 0.5875 0.346875 0.0265625 0.025
2 0.275 0.428125 0.0078125 0.028125
2 0.275 0.4453125 0.0078125 0.0265625
2 0.2828125 0.4375 0.025 0.065625
2 0.3109375 0.3828125 0.0609375 0.0328125
2 0.6359375 0.5984375 0.028125 0.0453125
2 0.590625 0.6109375 0.0625 0.0375
2 0.4390625 0.35625 0.1125 0.078125
2 0.653125 0.5234375 0.096875 0.06875
2 0.5203125 0.40625 0.0546875 0.03125
2 0.33125 0.3703125 0.034375 0.0234375
2 0.4296875 0.64375 0.028125 0.0421875
2 0.5 0.484375 0.078125 0.06875
2 0.46875 0.5203125 0.0234375 0.015625
2 0.7046875 0.7078125 0.0375 0.0296875
2 0.6296875 0.8140625 0.053125 0.0375