2 0.45 0.459375 0.1046875 0.1015625
2 0.6203125 0.51875 0.1046875 0.1125
2 0.5125 0.50625 0.103125 0.084375
2 0.6765625 0.4515625 0.103125 0.1015625
2 0.35 0.5234375 0.140625 0.09375
2 0.4359375 0.58125 0.1296875 0.084375
2 0.6421875 0.33125 0.1328125 0.084375
2 0.30625 0.3375 0.0703125 0.09375
2 0.3734375 0.659375 0.1203125 0.1234375
2 0.5421875 0.365625 0.1109375 0.078125
2 0.3390625 0.425 0.115625 0.0875
2 0.553125 0.721875 0.140625 0.0890625
2 0.4625 0.3796875 0.06875 0.0703125
2 0.4828125 0.2859375 0.1234375 0.0921875
2 0.540625 0.4296875 0.1125 0.0921875
2 0.7140625 0.60625 0.028125 0.10625
2 0.6640625 0.653125 0.125 0.096875
2 0.4625 0.3296875 0.0390625 0.0421875
2 0.2828125 0.459375 0.025 0.0890625