2 0.534375 0.390625 0.05 0.05625
2 0.409375 0.4890625 0.078125 0.0890625
2 0.3703125 0.590625 0.0890625 0.0765625
2 0.6015625 0.50625 0.0984375 0.0734375
2 0.5390625 0.546875 0.0953125 0.0671875
2 0.35 0.359375 0.059375 0.0703125
2 0.459375 0.575 0.096875 0.0765625
2 0.490625 0.4859375 0.0796875 0.0640625
2 0.5765625 0.609375 0.0921875 0.09375
2 0.475 0.4234375 0.084375 0.0734375
2 0.446875 0.65 0.103125 0.06875
2 0.6859375 0.4609375 0.0859375 0.084375
2 0.6171875 0.4296875 0.0828125 0.065625
2 0.3640625 0.434375 0.0921875 0.0765625
2 0.475 0.3734375 0.0828125 0.059375
2 0.315625 0.55 0.0703125 0.0796875
2 0.525 0.3140625 0.0875 0.0703125
2 0.409375 0.34375 0.0921875 0.0671875
2 0.54375 0.45 0.08125 0.09375
2 0.65625 0.365625 0.0734375 0.0734375
2 0.578125 0.36875 0.09375 0.08125
2 0.3015625 0.60625 0.0609375 0.0703125
2 0.303125 0.5046875 0.0328125 0.0234375
2 0.28125 0.5796875 0.0203125 0.028125