2 0.6046875 0.3828125 0.6078125 0.37109375 0.60546875 0.34296875 0.5984375 0.3265625 0.5828125 0.31171875 0.5515625 0.30234375 0.5375 0.30234375 0.52578125 0.3125 0.515625 0.32890625 0.5125 0.33828125 0.5140625 0.36640625 0.5375 0.39375 0.5859375 0.4 0.596875 0.39375 0.6046875 0.3828125
2 0.70703125 0.43203125 0.7046875 0.39296875 0.69453125 0.375 0.67734375 0.35703125 0.6609375 0.35703125 0.64296875 0.36953125 0.6328125 0.38203125 0.6265625 0.4046875 0.62734375 0.43203125 0.65390625 0.45078125 0.68984375 0.45078125 0.7 0.4453125 0.7046875 0.4390625 0.70703125 0.43203125
2 0.553125 0.5765625 0.56953125 0.56796875 0.5796875 0.55390625 0.58203125 0.540625 0.57421875 0.51953125 0.56484375 0.51015625 0.54296875 0.49765625 0.525 0.49375 0.484375 0.4984375 0.47109375 0.50390625 0.465625 0.51171875 0.46484375 0.5265625 0.47734375 0.55546875 0.4875 0.56484375 0.50625 0.57421875 0.52421875 0.578125 0.553125 0.5765625
2 0.6625 0.4859375 0.66171875 0.46640625 0.65625 0.45 0.6421875 0.43671875 0.625 0.43125 0.61171875 0.43203125 0.5953125 0.440625 0.59609375 0.45703125 0.60390625 0.47421875 0.6015625 0.50625 0.6359375 0.51640625 0.646875 0.515625 0.6625 0.4859375
2 0.60625 0.4859375 0.6046875 0.47109375 0.59296875 0.44375 0.57734375 0.4296875 0.55859375 0.42421875 0.54375 0.42421875 0.5296875 0.43046875 0.51953125 0.44609375 0.51875 0.4703125 0.525 0.49375 0.57109375 0.51328125 0.5953125 0.509375 0.6015625 0.50390625 0.60625 0.4859375
2 0.425 0.44765625 0.4265625 0.43046875 0.4203125 0.403125 0.4125 0.39453125 0.40078125 0.390625 0.3875 0.3921875 0.36015625 0.40234375 0.34296875 0.415625 0.33515625 0.4265625 0.33046875 0.440625 0.33046875 0.4671875 0.34296875 0.49140625 0.36328125 0.4921875 0.3984375 0.48125 0.41796875 0.46796875 0.425 0.44765625
2 0.39765625 0.38984375 0.40390625 0.384375 0.4109375 0.3625 0.409375 0.340625 0.40234375 0.32578125 0.37734375 0.3046875 0.3609375 0.3 0.34609375 0.303125 0.32734375 0.31796875 0.321875 0.33203125 0.32265625 0.36640625 0.32734375 0.3765625 0.3375 0.38671875 0.353125 0.39140625 0.38359375 0.39296875 0.39765625 0.38984375
2 0.57421875 0.65078125 0.58203125 0.63359375 0.58203125 0.6203125 0.5671875 0.5765625 0.56171875 0.5734375 0.5328125 0.5765625 0.5125 0.58203125 0.50625 0.58828125 0.50546875 0.61875 0.515625 0.6421875 0.53828125 0.66015625 0.55546875 0.6625 0.56640625 0.659375 0.57421875 0.65078125
2 0.64453125 0.703125 0.66015625 0.6984375 0.66484375 0.67265625 0.66484375 0.653125 0.6609375 0.64453125 0.63984375 0.62421875 0.5859375 0.6203125 0.58125 0.62578125 0.57734375 0.6390625 0.5765625 0.659375 0.58046875 0.67109375 0.59609375 0.6921875 0.6109375 0.69921875 0.62734375 0.70234375 0.64453125 0.703125
2 0.44765625 0.85234375 0.45234375 0.8390625 0.453125 0.8171875 0.4453125 0.79375 0.43203125 0.778125 0.41328125 0.76796875 0.38828125 0.76484375 0.37734375 0.76953125 0.36171875 0.78203125 0.34921875 0.80703125 0.34453125 0.82734375 0.34453125 0.85625 0.35078125 0.87421875 0.37109375 0.89140625 0.38203125 0.8953125 0.4 0.8875 0.44765625 0.85234375
2 0.28671875 0.47890625 0.30625 0.47109375 0.3234375 0.45703125 0.328125 0.44609375 0.33046875 0.428125 0.32734375 0.41171875 0.3203125 0.39609375 0.2953125 0.37421875 0.28515625 0.36953125 0.275 0.371875 0.2703125 0.3765625 0.2703125 0.46875 0.2765625 0.4765625 0.28671875 0.47890625
2 0.71796875 0.48828125 0.70703125 0.48359375 0.67734375 0.48046875 0.6578125 0.49296875 0.65078125 0.50859375 0.65 0.52265625 0.671875 0.55859375 0.71171875 0.55859375 0.7296875 0.553125 0.7296875 0.5078125 0.72421875 0.49453125 0.71796875 0.48828125
2 0.63515625 0.53046875 0.63359375 0.51875 0.6125 0.50546875 0.58203125 0.50625 0.57265625 0.5125 0.571875 0.51796875 0.578125 0.53359375 0.57890625 0.55546875 0.5953125 0.5421875 0.6296875 0.534375 0.63515625 0.53046875
2 0.3734375 0.60703125 0.37578125 0.6046875 0.37890625 0.590625 0.37734375 0.56328125 0.365625 0.54296875 0.34921875 0.5296875 0.321875 0.51953125 0.3046875 0.5203125 0.28125 0.534375 0.27109375 0.5484375 0.2703125 0.56953125 0.275 0.58046875 0.2984375 0.59921875 0.3375 0.609375 0.353125 0.60625 0.3734375 0.60703125
2 0.465625 0.6359375 0.48203125 0.6265625 0.49453125 0.61015625 0.49921875 0.58046875 0.49375 0.5671875 0.4734375 0.5484375 0.4484375 0.54375 0.41640625 0.5625 0.409375 0.57109375 0.40390625 0.59140625 0.403125 0.61171875 0.40859375 0.63203125 0.415625 0.64609375 0.42734375 0.646875 0.44375 0.63984375 0.465625 0.6359375
2 0.51015625 0.73125 0.53046875 0.72890625 0.5484375 0.71953125 0.54921875 0.69453125 0.53984375 0.66875 0.53203125 0.659375 0.51015625 0.64453125 0.50078125 0.64140625 0.46953125 0.64453125 0.45078125 0.659375 0.44765625 0.66875 0.446875 0.68515625 0.45 0.696875 0.45703125 0.70859375 0.475 0.72421875 0.484375 0.728125 0.51015625 0.73125
2 0.315625 0.81953125 0.3453125 0.81015625 0.353125 0.803125 0.37109375 0.77265625 0.371875 0.76171875 0.3671875 0.7515625 0.34921875 0.7375 0.3359375 0.73125 0.3046875 0.7265625 0.28515625 0.73125 0.2734375 0.73828125 0.2703125 0.7421875 0.2703125 0.809375 0.28203125 0.81796875 0.315625 0.81953125
2 0.6546875 0.60859375 0.665625 0.5953125 0.67109375 0.58125 0.6703125 0.55546875 0.65859375 0.5375 0.63671875 0.52890625 0.62578125 0.52890625 0.603125 0.53515625 0.5859375 0.54609375 0.57578125 0.5609375 0.57109375 0.578125 0.5703125 0.596875 0.57890625 0.61796875 0.6 0.6265625 0.63046875 0.625 0.6375 0.62265625 0.6546875 0.60859375
2 0.52421875 0.49296875 0.51875 0.4671875 0.5078125 0.45 0.4828125 0.434375 0.47421875 0.434375 0.46328125 0.440625 0.45234375 0.4546875 0.446875 0.47109375 0.446875 0.49765625 0.46015625 0.51484375 0.4765625 0.503125 0.5140625 0.5 0.52109375 0.49765625 0.52421875 0.49296875
2 0.50078125 0.4265625 0.51328125 0.4234375 0.52421875 0.4265625 0.52109375 0.41015625 0.53359375 0.4 0.534375 0.3921875 0.52734375 0.378125 0.5140625 0.3671875 0.4859375 0.35546875 0.4625 0.3546875 0.4421875 0.3609375 0.434375 0.37265625 0.43515625 0.403125 0.43984375 0.4140625 0.45078125 0.42578125 0.4703125 0.43515625 0.4921875 0.434375 0.50078125 0.4265625
2 0.69375 0.35078125 0.696875 0.340625 0.69140625 0.325 0.6796875 0.3125 0.6734375 0.31015625 0.64609375 0.3109375 0.6203125 0.325 0.609375 0.34765625 0.60859375 0.35703125 0.6140625 0.36953125 0.63828125 0.375 0.6625 0.3609375 0.6859375 0.36015625 0.69375 0.35078125