2 0.4515625 0.54375 0.1078125 0.0765625
2 0.3625 0.575 0.0859375 0.096875
2 0.503125 0.603125 0.0796875 0.096875
2 0.490625 0.4109375 0.09375 0.078125
2 0.5546875 0.315625 0.08125 0.0703125
2 0.4859375 0.490625 0.06875 0.08125
2 0.45625 0.6875 0.0921875 0.084375
2 0.36875 0.471875 0.0625 0.0828125
2 0.546875 0.5390625 0.0703125 0.09375
2 0.4328125 0.3640625 0.0828125 0.0921875
2 0.3390625 0.409375 0.0703125 0.0984375
2 0.59375 0.371875 0.0796875 0.0890625
2 0.41875 0.4734375 0.075 0.08125
2 0.425 0.6171875 0.0703125 0.0828125
2 0.609375 0.784375 0.1125 0.0890625
2 0.65625 0.4484375 0.0734375 0.1015625
2 0.35625 0.6546875 0.075 0.071875
2 0.6125 0.5796875 0.1015625 0.0859375
2 0.3859375 0.5328125 0.05625 0.05
2 0.5765625 0.459375 0.0796875 0.0984375
2 0.3078125 0.5234375 0.0734375 0.0890625
2 0.35625 0.3484375 0.075 0.0609375
2 0.5296875 0.825 0.09375 0.1171875
2 0.6140625 0.303125 0.0703125 0.0671875