2 0.58125 0.384375 0.0734375 0.0578125
2 0.4828125 0.4125 0.1390625 0.0765625
2 0.49375 0.3578125 0.14375 0.0609375
2 0.309375 0.571875 0.071875 0.0828125
2 0.309375 0.3203125 0.078125 0.078125
2 0.375 0.653125 0.1625 0.0765625
2 0.3609375 0.4734375 0.1296875 0.0921875
2 0.6828125 0.4453125 0.0890625 0.0703125
2 0.484375 0.4828125 0.11875 0.06875
2 0.58125 0.4546875 0.128125 0.1015625
2 0.5875 0.6328125 0.1578125 0.09375
2 0.328125 0.403125 0.115625 0.084375
2 0.403125 0.3140625 0.1515625 0.071875
2 0.415625 0.5734375 0.1421875 0.0875
2 0.653125 0.525 0.1484375 0.0859375
2 0.546875 0.5578125 0.1453125 0.0765625