2 0.4203125 0.615625 0.2390625 0.2515625
2 0.340625 0.3921875 0.2171875 0.2828125
2 0.784375 0.33125 0.23125 0.2953125
2 0.5578125 0.3515625 0.225 0.2890625
2 0.203125 0.7109375 0.24375 0.2390625
2 0.659375 0.5828125 0.2296875 0.290625
2 0.13125 0.4921875 0.2296875 0.240625
2 0.9390625 0.4296875 0.11875 0.24375
2 0.709375 0.196875 0.18125 0.0546875
2 0.0375 0.61875 0.071875 0.2453125
2 0.4546875 0.2109375 0.24375 0.084375
2 0.196875 0.2984375 0.1609375 0.1609375
2 0.8546875 0.6453125 0.2171875 0.1890625