2 0.684375 0.6109375 0.0890625 0.1203125
2 0.5875 0.6453125 0.1125 0.109375
2 0.4515625 0.4859375 0.0625 0.06875
2 0.6203125 0.30625 0.078125 0.096875
2 0.665625 0.4875 0.125 0.096875
2 0.5328125 0.3421875 0.1296875 0.090625
2 0.384375 0.403125 0.1203125 0.0953125
2 0.6046875 0.7453125 0.16875 0.096875
2 0.5359375 0.4734375 0.134375 0.0875
2 0.475 0.6625 0.11875 0.11875
2 0.584375 0.55 0.1 0.0875
2 0.6625 0.3921875 0.13125 0.0953125
2 0.490625 0.55625 0.1328125 0.1046875
2 0.49375 0.425 0.128125 0.08125
2 0.371875 0.5046875 0.11875 0.125
2 0.475 0.371875 0.03125 0.03125
2 0.3828125 0.59375 0.125 0.0828125
2 0.371875 0.9140625 0.134375 0.13125
2 0.34375 0.6859375 0.1453125 0.0953125
2 0.603125 0.2625 0.03125 0.025
2 0.309375 0.5640625 0.075 0.084375
2 0.3046875 0.828125 0.0359375 0.0390625
2 0.296875 0.871875 0.0515625 0.1265625
2 0.64375 0.61875 0.0109375 0.0421875