2 0.3671875 0.396875 0.11875 0.1015625
2 0.3703125 0.503125 0.10625 0.121875
2 0.6625 0.359375 0.11875 0.09375
2 0.528125 0.309375 0.134375 0.09375
2 0.4703125 0.4703125 0.0984375 0.1109375
2 0.5140625 0.215625 0.13125 0.0953125
2 0.38125 0.18125 0.1109375 0.0953125
2 0.4015625 0.3109375 0.125 0.0875
2 0.6703125 0.2640625 0.1015625 0.1015625
2 0.4546875 0.38125 0.0953125 0.0875
2 0.6546875 0.4796875 0.1140625 0.103125
2 0.359375 0.2671875 0.121875 0.08125
2 0.565625 0.4265625 0.1015625 0.121875
2 0.4984375 0.565625 0.15625 0.0921875
2 0.325 0.3328125 0.0625 0.065625
2 0.3046875 0.44375 0.065625 0.0875
2 0.321875 0.75625 0.1 0.1265625
2 0.459375 0.1375 0.0734375 0.096875
2 0.290625 0.25 0.0390625 0.0875
2 0.290625 0.35625 0.040625 0.1171875
2 0.296875 0.540625 0.0515625 0.0921875