2 0.509375 0.1515625 0.10625 0.1
1 0.6828125 0.4453125 0.084375 0.1375
1 0.4546875 0.5484375 0.14375 0.134375
1 0.41875 0.825 0.1734375 0.1296875
1 0.6015625 0.2265625 0.1765625 0.10625
2 0.5875 0.5046875 0.1328125 0.121875
1 0.546875 0.409375 0.13125 0.0984375
1 0.3046875 0.8171875 0.0671875 0.1546875
2 0.3 0.29375 0.0546875 0.09375
2 0.634375 0.3234375 0.1875 0.0984375
2 0.309375 0.409375 0.0765625 0.134375
2 0.4109375 0.20625 0.1484375 0.10625
2 0.3640625 0.38125 0.0984375 0.0796875
2 0.63125 0.603125 0.196875 0.0984375
2 0.4375 0.434375 0.18125 0.10625
2 0.3328125 0.6046875 0.125 0.1015625
2 0.3359375 0.4953125 0.1296875 0.0953125
2 0.4609375 0.3390625 0.1703125 0.0953125
2 0.3984375 0.3 0.159375 0.090625