2 0.56328125 0.54921875 0.58046875 0.53671875 0.59296875 0.51953125 0.59296875 0.49609375 0.58515625 0.47890625 0.5640625 0.46328125 0.5421875 0.45390625 0.515625 0.45078125 0.50546875 0.4546875 0.484375 0.4546875 0.46796875 0.4625 0.459375 0.4765625 0.46015625 0.49609375 0.47578125 0.52265625 0.4859375 0.53515625 0.509375 0.5484375 0.52578125 0.553125 0.56328125 0.54921875
2 0.4875 0.6109375 0.50078125 0.584375 0.503125 0.55703125 0.4984375 0.54375 0.46875 0.5140625 0.446875 0.51171875 0.42421875 0.52578125 0.40546875 0.54375 0.3953125 0.56796875 0.3953125 0.596875 0.40703125 0.63359375 0.4109375 0.63671875 0.434375 0.6359375 0.46796875 0.6265625 0.4875 0.6109375
2 0.4140625 0.53671875 0.43203125 0.52109375 0.4390625 0.5078125 0.44140625 0.47734375 0.4375 0.453125 0.43203125 0.4421875 0.41640625 0.43203125 0.39296875 0.43203125 0.3734375 0.44140625 0.35703125 0.459375 0.34765625 0.4828125 0.34609375 0.509375 0.3484375 0.51796875 0.3671875 0.5515625 0.375 0.55546875 0.38828125 0.553125 0.4140625 0.53671875
2 0.47265625 0.46484375 0.496875 0.46171875 0.51875 0.453125 0.5234375 0.44765625 0.51796875 0.4125 0.51171875 0.40234375 0.49453125 0.3890625 0.47265625 0.384375 0.46015625 0.38984375 0.44765625 0.4015625 0.440625 0.41796875 0.43828125 0.4375 0.44140625 0.45625 0.44765625 0.47109375 0.45546875 0.478125 0.4625 0.4765625 0.47265625 0.46484375
2 0.5015625 0.3609375 0.51171875 0.34765625 0.52578125 0.31875 0.51796875 0.303125 0.51015625 0.2953125 0.4953125 0.2859375 0.4796875 0.28203125 0.453125 0.28203125 0.4296875 0.2890625 0.425 0.2921875 0.41875 0.30546875 0.41875 0.33125 0.42734375 0.3546875 0.44296875 0.36953125 0.4640625 0.378125 0.48203125 0.37578125 0.5015625 0.3609375
2 0.596875 0.33828125 0.603125 0.33359375 0.61640625 0.309375 0.61484375 0.271875 0.60703125 0.24921875 0.584375 0.225 0.56171875 0.21640625 0.53671875 0.2140625 0.525 0.22421875 0.5078125 0.25390625 0.50546875 0.27734375 0.509375 0.2921875 0.5390625 0.32890625 0.553125 0.3359375 0.58203125 0.33828125 0.596875 0.33828125
2 0.6203125 0.4359375 0.61796875 0.41640625 0.6078125 0.390625 0.59140625 0.37578125 0.56953125 0.36484375 0.546875 0.3640625 0.52890625 0.37734375 0.521875 0.3984375 0.52421875 0.43359375 0.53359375 0.44921875 0.57890625 0.47109375 0.61015625 0.4640625 0.6171875 0.4578125 0.6203125 0.4359375
2 0.67109375 0.46953125 0.6734375 0.45625 0.68203125 0.44375 0.684375 0.4328125 0.68203125 0.4109375 0.67421875 0.39375 0.6609375 0.378125 0.64375 0.37109375 0.6234375 0.371875 0.6140625 0.378125 0.60859375 0.38828125 0.6078125 0.39375 0.61640625 0.421875 0.6171875 0.459375 0.6578125 0.478125 0.66484375 0.478125 0.67109375 0.46953125
2 0.66640625 0.60078125 0.68984375 0.57421875 0.69765625 0.55546875 0.69765625 0.528125 0.6890625 0.50859375 0.67265625 0.49765625 0.64609375 0.4921875 0.6125 0.50234375 0.59453125 0.52265625 0.58359375 0.5515625 0.58671875 0.5828125 0.59296875 0.5984375 0.60078125 0.6078125 0.61796875 0.6140625 0.64375 0.6125 0.66640625 0.60078125
2 0.39921875 0.94140625 0.43671875 0.9125 0.45234375 0.89921875 0.46171875 0.87734375 0.4609375 0.846875 0.4515625 0.821875 0.43203125 0.8 0.41796875 0.79140625 0.40390625 0.7875 0.38125 0.7890625 0.3625 0.803125 0.34375 0.83359375 0.3375 0.859375 0.3375 0.89765625 0.3421875 0.9140625 0.3546875 0.93125 0.37890625 0.9453125 0.38984375 0.9453125 0.39921875 0.94140625
2 0.31875 0.8546875 0.3390625 0.8421875 0.35 0.82734375 0.36640625 0.79921875 0.3640625 0.78125 0.3546875 0.76875 0.325 0.74921875 0.30078125 0.74375 0.2734375 0.746875 0.2703125 0.74921875 0.2703125 0.859375 0.30546875 0.85859375 0.31875 0.8546875
2 0.35 0.5953125 0.359375 0.58203125 0.3640625 0.55390625 0.36015625 0.53671875 0.346875 0.51171875 0.3390625 0.50390625 0.29921875 0.4875 0.28046875 0.48671875 0.275 0.49140625 0.2703125 0.49765625 0.271875 0.57578125 0.284375 0.5875 0.3078125 0.5984375 0.3234375 0.6 0.35 0.5953125
2 0.6859375 0.3890625 0.71171875 0.3890625 0.72421875 0.3828125 0.72890625 0.37421875 0.72890625 0.328125 0.715625 0.30234375 0.69375 0.27890625 0.68203125 0.27734375 0.675 0.28046875 0.653125 0.30078125 0.64375 0.31640625 0.640625 0.32734375 0.64140625 0.35625 0.64765625 0.37109375 0.66015625 0.38203125 0.6765625 0.39375 0.6859375 0.3890625
2 0.3703125 0.3328125 0.38203125 0.32421875 0.3921875 0.30703125 0.39453125 0.2875 0.3875 0.2609375 0.37109375 0.23828125 0.346875 0.2203125 0.32578125 0.2140625 0.31796875 0.215625 0.28984375 0.2421875 0.284375 0.25703125 0.284375 0.28671875 0.29375 0.3109375 0.30390625 0.3265625 0.31953125 0.33203125 0.325 0.34140625 0.3703125 0.3328125
2 0.453125 0.2328125 0.4546875 0.21171875 0.446875 0.18125 0.440625 0.1703125 0.42421875 0.159375 0.39765625 0.1546875 0.38125 0.1640625 0.35 0.19140625 0.334375 0.2125 0.334375 0.21640625 0.38515625 0.25703125 0.4203125 0.25625 0.44609375 0.24453125 0.453125 0.2328125
1 0.68046875 0.27890625 0.703125 0.27578125 0.71015625 0.26875 0.71484375 0.253125 0.7078125 0.2359375 0.696875 0.2234375 0.690625 0.2203125 0.66875 0.2203125 0.64921875 0.2265625 0.6328125 0.23984375 0.62265625 0.2546875 0.61875 0.2671875 0.61875 0.28125 0.6234375 0.290625 0.65 0.3015625 0.66015625 0.296875 0.68046875 0.27890625
1 0.39921875 0.425 0.41171875 0.39453125 0.41171875 0.36640625 0.4 0.33828125 0.38828125 0.3296875 0.375 0.328125 0.3515625 0.3359375 0.32734375 0.35 0.31328125 0.36640625 0.30234375 0.390625 0.30234375 0.4203125 0.30859375 0.4375 0.31953125 0.44921875 0.34296875 0.45078125 0.36953125 0.44375 0.39921875 0.425
2 0.53125 0.74140625 0.54921875 0.73828125 0.56171875 0.7265625 0.56328125 0.6953125 0.55703125 0.67421875 0.54375 0.65546875 0.521875 0.6390625 0.46640625 0.63359375 0.45390625 0.64375 0.4484375 0.665625 0.44765625 0.6875 0.45234375 0.7015625 0.465625 0.721875 0.484375 0.7359375 0.509375 0.7421875 0.53125 0.74140625
2 0.61953125 0.72890625 0.62265625 0.715625 0.63203125 0.70546875 0.66015625 0.709375 0.678125 0.70703125 0.69296875 0.69921875 0.7234375 0.6734375 0.72890625 0.671875 0.72890625 0.628125 0.71953125 0.63515625 0.69296875 0.634375 0.678125 0.621875 0.66640625 0.603125 0.6359375 0.6109375 0.61640625 0.6109375 0.60703125 0.60546875 0.6015625 0.60546875 0.5984375 0.61015625 0.58671875 0.6515625 0.59140625 0.66171875 0.59296875 0.703125 0.5984375 0.715625 0.60859375 0.725 0.61953125 0.72890625
2 0.5828125 0.64765625 0.59453125 0.63203125 0.6 0.60390625 0.58984375 0.5921875 0.58359375 0.5703125 0.5828125 0.54765625 0.578125 0.54453125 0.578125 0.540625 0.55 0.55 0.5234375 0.55078125 0.50390625 0.54609375 0.5046875 0.58046875 0.51796875 0.61953125 0.53203125 0.63125 0.55 0.653125 0.56953125 0.653125 0.5828125 0.64765625