1 0.5828125 0.703125 0.103125 0.125
1 0.6265625 0.8421875 0.1046875 0.1
1 0.6265625 0.621875 0.06875 0.0640625
1 0.5875 0.3515625 0.121875 0.1265625
1 0.853125 0.7234375 0.0984375 0.071875
1 0.8703125 0.603125 0.0734375 0.0578125
1 0.4921875 0.8109375 0.096875 0.1359375
1 0.6671875 0.75625 0.1125 0.15
1 0.284375 0.7015625 0.1140625 0.1171875
1 0.2890625 0.81875 0.1171875 0.121875
1 0.4609375 0.3390625 0.1140625 0.1453125
1 0.4734375 0.7046875 0.10625 0.1328125
1 0.4328125 0.58125 0.1203125 0.1296875
1 0.728125 0.6734375 0.1390625 0.125
1 0.7546875 0.4453125 0.134375 0.15
1 0.7140625 0.10625 0.1171875 0.0921875
1 0.5796875 0.7828125 0.1234375 0.075
1 0.184375 0.6703125 0.0984375 0.11875
1 0.371875 0.746875 0.08125 0.1078125
1 0.5359375 0.465625 0.134375 0.1265625
1 0.6609375 0.446875 0.1015625 0.1578125
1 0.934375 0.6921875 0.1125 0.1078125
1 0.79375 0.078125 0.0859375 0.0359375
1 0.3453125 0.615625 0.103125 0.1078125
1 0.440625 0.203125 0.109375 0.115625
1 0.5375 0.65 0.0515625 0.0640625
1 0.3984375 0.15625 0.090625 0.0484375
1 0.4359375 0.4875 0.0875 0.090625
1 0.528125 0.1609375 0.0609375 0.0640625
1 0.7203125 0.2953125 0.1203125 0.0921875
1 0.2671875 0.4359375 0.1125 0.1125
1 0.2078125 0.1921875 0.0875 0.0578125
1 0.8234375 0.315625 0.0890625 0.128125
1 0.5515625 0.2015625 0.115625 0.1328125
1 0.7375 0.3859375 0.08125 0.05625
1 0.8953125 0.44375 0.134375 0.153125
1 0.9125 0.296875 0.1171875 0.1203125
1 0.15625 0.7734375 0.1140625 0.1078125
1 0.8796875 0.6578125 0.0546875 0.0640625
1 0.6671875 0.2125 0.11875 0.134375
1 0.865625 0.115625 0.1109375 0.1109375
1 0.953125 0.584375 0.0921875 0.096875
1 0.703125 0.5703125 0.1 0.1078125
1 0.7953125 0.7625 0.0953125 0.0703125
1 0.3671875 0.9171875 0.059375 0.0453125
1 0.8 0.1515625 0.065625 0.0703125
1 0.4796875 0.1234375 0.0796875 0.065625
1 0.5921875 0.115625 0.140625 0.1109375
1 0.2796875 0.90625 0.0984375 0.0671875
1 0.4390625 0.10625 0.071875 0.065625
1 0.4359375 0.9 0.121875 0.0765625
1 0.409375 0.834375 0.1078125 0.115625
1 0.7515625 0.184375 0.0921875 0.065625
1 0.0875 0.4640625 0.0578125 0.0640625
1 0.540625 0.303125 0.0875 0.09375
1 0.9515625 0.228125 0.075 0.06875
1 0.1453125 0.8703125 0.10625 0.1171875
1 0.771875 0.8765625 0.121875 0.121875
1 0.06875 0.84375 0.075 0.096875
1 0.0359375 0.734375 0.0671875 0.1
1 0.8625 0.8125 0.11875 0.1234375
1 0.934375 0.365625 0.1296875 0.090625
1 0.6703125 0.91875 0.1234375 0.0421875
1 0.0328125 0.5796875 0.0640625 0.1296875
1 0.0515625 0.678125 0.0890625 0.096875
1 0.55 0.9046875 0.1171875 0.071875
1 0.3515625 0.5515625 0.0953125 0.084375
1 0.1640625 0.14375 0.0546875 0.05
1 0.6984375 0.340625 0.103125 0.0734375
1 0.7828125 0.21875 0.1125 0.1171875
1 0.9 0.2171875 0.0796875 0.0625
1 0.384375 0.0765625 0.0625 0.0328125
1 0.04375 0.3671875 0.0859375 0.10625
1 0.1421875 0.3234375 0.11875 0.1125
1 0.465625 0.078125 0.0796875 0.034375
1 0.8109375 0.6375 0.0734375 0.09375
1 0.2421875 0.15 0.1640625 0.078125
1 0.271875 0.103125 0.171875 0.0859375