1 0.2453125 0.6453125 0.0875 0.115625
1 0.6125 0.765625 0.1203125 0.09375
1 0.071875 0.675 0.0953125 0.0859375
1 0.7640625 0.5390625 0.1171875 0.0859375
1 0.05625 0.7703125 0.078125 0.09375
1 0.0546875 0.5859375 0.0921875 0.08125
1 0.4734375 0.628125 0.0921875 0.0890625
1 0.675 0.55625 0.0859375 0.078125
1 0.93125 0.2390625 0.1375 0.0875
1 0.7625 0.68125 0.1140625 0.1015625
1 0.9640625 0.5 0.0703125 0.0875
1 0.78125 0.4765625 0.1171875 0.0671875
1 0.596875 0.40625 0.06875 0.05
1 0.15625 0.6328125 0.08125 0.0921875
1 0.1265625 0.7890625 0.078125 0.084375
1 0.1328125 0.728125 0.0921875 0.096875
1 0.721875 0.1765625 0.109375 0.0765625
1 0.6671875 0.478125 0.0640625 0.040625
1 0.76875 0.615625 0.0640625 0.0390625
1 0.0140625 0.721875 0.0265625 0.0859375
1 0.7359375 0.7296875 0.0890625 0.084375
1 0.3375 0.6515625 0.0875 0.0875
1 0.2796875 0.565625 0.0421875 0.0625
1 0.5125 0.6015625 0.0515625 0.059375
1 0.871875 0.46875 0.0515625 0.0375
1 0.778125 0.328125 0.065625 0.040625
1 0.7484375 0.809375 0.1234375 0.125