1 0.21875 0.5828125 0.06875 0.121875
1 0.290625 0.7046875 0.08125 0.0953125
1 0.734375 0.7296875 0.06875 0.10625
1 0.6390625 0.8296875 0.0734375 0.0875
1 0.3296875 0.215625 0.075 0.059375
1 0.2515625 0.2 0.078125 0.0734375
1 0.3859375 0.65 0.059375 0.071875
1 0.7625 0.8328125 0.075 0.0828125
1 0.290625 0.771875 0.1234375 0.0703125
1 0.2890625 0.159375 0.071875 0.06875
1 0.3296875 0.4734375 0.078125 0.08125
1 0.771875 0.6359375 0.08125 0.0671875
1 0.45 0.7203125 0.05625 0.0921875
1 0.315625 0.2890625 0.0828125 0.071875
1 0.6953125 0.675 0.0640625 0.08125
1 0.2 0.196875 0.0703125 0.0671875
1 0.5421875 0.5953125 0.0625 0.071875
1 0.0734375 0.4421875 0.1015625 0.0609375
1 0.4078125 0.7046875 0.0734375 0.0859375
1 0.1359375 0.5328125 0.0921875 0.071875
1 0.3109375 0.3640625 0.075 0.0703125
1 0.2484375 0.690625 0.0578125 0.075
1 0.434375 0.8546875 0.0703125 0.040625
1 0.6390625 0.6125 0.053125 0.071875
1 0.2078125 0.1515625 0.0875 0.053125
1 0.81875 0.8046875 0.078125 0.08125
1 0.053125 0.51875 0.0859375 0.0828125
1 0.509375 0.56875 0.0390625 0.05
1 0.38125 0.3171875 0.0546875 0.034375
1 0.3859375 0.3421875 0.0796875 0.0734375
1 0.19375 0.7046875 0.0890625 0.0703125
1 0.090625 0.403125 0.10625 0.0671875
1 0.7859375 0.721875 0.059375 0.078125
1 0.4390625 0.290625 0.05625 0.0578125
1 0.371875 0.1515625 0.0703125 0.0515625
1 0.4078125 0.2578125 0.034375 0.0328125
1 0.371875 0.6875 0.0359375 0.0609375
1 0.4515625 0.6265625 0.0328125 0.053125
1 0.025 0.4953125 0.05 0.075
1 0.2796875 0.634375 0.0328125 0.034375