1 0.896875 0.625 0.1015625 0.084375
1 0.8578125 0.45 0.096875 0.096875
1 0.8625 0.796875 0.10625 0.134375
1 0.7828125 0.8328125 0.078125 0.0796875
1 0.140625 0.809375 0.0953125 0.1171875
1 0.7796875 0.4484375 0.090625 0.084375
1 0.25 0.5765625 0.0796875 0.084375
1 0.5421875 0.70625 0.065625 0.0953125
1 0.93125 0.7375 0.071875 0.1171875
1 0.65 0.7140625 0.090625 0.096875
1 0.065625 0.5109375 0.0828125 0.0859375
1 0.609375 0.53125 0.0734375 0.0671875
1 0.6046875 0.7421875 0.0921875 0.10625
1 0.534375 0.834375 0.09375 0.078125
1 0.384375 0.8203125 0.0984375 0.1046875
1 0.1359375 0.4546875 0.075 0.0765625
1 0.0515625 0.4390625 0.090625 0.0828125
1 0.971875 0.671875 0.0546875 0.0875
1 0.8 0.3375 0.0796875 0.090625
1 0.284375 0.840625 0.0734375 0.0671875
1 0.95625 0.5015625 0.0859375 0.0703125
1 0.1859375 0.525 0.0875 0.10625
1 0.5640625 0.5421875 0.059375 0.059375
1 0.03125 0.55 0.0625 0.0765625
1 0.3671875 0.64375 0.0765625 0.1125
1 0.5734375 0.640625 0.053125 0.0453125
1 0.871875 0.7515625 0.05625 0.0609375
1 0.7328125 0.5921875 0.0578125 0.040625
1 0.096875 0.35 0.1046875 0.0875
1 0.4625 0.80625 0.040625 0.0359375
1 0.2890625 0.49375 0.0609375 0.0859375
1 0.7375 0.5453125 0.04375 0.0390625
1 0.565625 0.8078125 0.05 0.0515625
1 0.403125 0.746875 0.040625 0.0453125
1 0.75625 0.634375 0.0578125 0.04375
1 0.7203125 0.7546875 0.0421875 0.0453125
1 0.2625 0.478125 0.05 0.05625
1 0.775 0.6796875 0.0484375 0.0453125
1 0.3046875 0.5625 0.0328125 0.046875
1 0.8796875 0.3984375 0.1046875 0.071875
1 0.965625 0.3375 0.0671875 0.053125
1 0.5046875 0.7078125 0.0359375 0.0421875
1 0.478125 0.70625 0.0421875 0.0546875
1 0.2234375 0.40625 0.0390625 0.034375
1 0.01875 0.48125 0.0375 0.1046875
1 0.60625 0.8515625 0.078125 0.0453125
1 0.275 0.396875 0.0609375 0.071875
1 0.3171875 0.6328125 0.0359375 0.0484375
1 0.96875 0.4171875 0.0625 0.0796875