1 0.675585284375 0.5565426421875 0.6822742468749999 0.48630852812500003 0.6521739125 0.44617474843749994 0.595317725 0.4394857859375 0.551839465625 0.48630852812500003 0.5484949828125 0.5498536796875 0.595317725 0.603365384375 0.6521739125 0.5832984953125 0.675585284375 0.5565426421875
1 0.4548494984375 0.546509196875 0.4615384609375 0.476275084375 0.42809364531250005 0.4327968234375 0.3612040140625 0.44617474843749994 0.3311036796875 0.489653009375 0.327759196875 0.5364757531250001 0.3612040140625 0.5899874578125 0.42140468281250004 0.5799540140625 0.4548494984375 0.546509196875
1 0.846153846875 0.5933319390625 0.8795986625 0.546509196875 0.8729096984375 0.482964046875 0.846153846875 0.45620819375000005 0.8093645484374999 0.44617474843749994 0.7892976593750001 0.4528637125 0.76254180625 0.4929974921875 0.7658862875 0.5531981609375001 0.7792642140625 0.56992056875 0.8160535109374999 0.596676421875 0.846153846875 0.5933319390625
1 0.2842809359375 0.6836329437499999 0.26755852812500003 0.663566053125 0.23076923124999998 0.656877090625 0.1839464890625 0.6936663875 0.1672240796875 0.7304556859375 0.1638795984375 0.777278428125 0.2775919734375 0.777278428125 0.2909699 0.7371446484375 0.2842809359375 0.6836329437499999
1 0.324414715625 0.3491847828125 0.3311036796875 0.2689172234375 0.317725753125 0.23881688906249998 0.29431438125 0.21875 0.2341137125 0.22209448125 0.23076923124999998 0.28229515 0.2441471578125 0.305706521875 0.2976588625 0.3525292640625 0.324414715625 0.3491847828125
1 0.969899665625 0.69032190625 0.9063545156249999 0.6769439796875 0.8795986625 0.7003553515625 0.88294314375 0.777278428125 0.9966555187499999 0.777278428125 0.9966555187499999 0.723766721875 0.969899665625 0.69032190625
1 0.6688963203125 0.2990175578125 0.70568561875 0.32911789375 0.7458193984375 0.3224289296875 0.7759197328125 0.2756061875 0.7591973249999999 0.21875 0.6889632109375 0.21875 0.672240803125 0.2588837796875 0.6688963203125 0.2990175578125
1 0.4581939796875 0.3190844484375 0.4849498328125 0.34249581875 0.5117056859375 0.34249581875 0.5351170562500001 0.2990175578125 0.52842809375 0.245505853125 0.49832775937499996 0.21875 0.4581939796875 0.21875 0.441471571875 0.24216137187500003 0.4581939796875 0.3190844484375
1 0.9966555187499999 0.372596153125 0.9933110375 0.2923285953125 0.9498327765625 0.2555392984375 0.9230769234375 0.2689172234375 0.9230769234375 0.3558737453125 0.93645485 0.3826295984375 0.969899665625 0.4026964890625 0.9966555187499999 0.372596153125
1 0.6521739125 0.6802884609375 0.6254180609375 0.6802884609375 0.595317725 0.720422240625 0.5986622078125 0.777278428125 0.6989966562500001 0.777278428125 0.7023411375 0.7338001671875001 0.6521739125 0.6802884609375
1 0.4749163875 0.6970108703125 0.44816053437500003 0.7070443140625 0.42809364531250005 0.750522575 0.42809364531250005 0.777278428125 0.5083612046875 0.777278428125 0.505016721875 0.7404891296875 0.4749163875 0.6970108703125