1 0.5703125 0.453125 0.103125 0.090625
1 0.6828125 0.7203125 0.1265625 0.13125
1 0.1109375 0.534375 0.075 0.0984375
1 0.6046875 0.746875 0.078125 0.071875
1 0.671875 0.8203125 0.078125 0.0578125
1 0.7171875 0.6484375 0.1296875 0.0921875
1 0.7125 0.2375 0.128125 0.103125
1 0.59375 0.7953125 0.0640625 0.0484375
1 0.525 0.5 0.0796875 0.071875
1 0.134375 0.640625 0.0546875 0.084375
1 0.078125 0.7375 0.1 0.140625
1 0.0140625 0.7875 0.028125 0.1078125
1 0.2828125 0.68125 0.0359375 0.0328125
1 0.4296875 0.8296875 0.0515625 0.0484375
1 0.9390625 0.715625 0.1125 0.121875
1 0.5546875 0.8453125 0.0421875 0.0328125
1 0.2046875 0.8484375 0.065625 0.05625
1 0.7703125 0.1375 0.1078125 0.0234375
1 0.05625 0.5765625 0.0515625 0.0546875
1 0.5875 0.615625 0.0765625 0.05625
1 0.071875 0.6390625 0.06875 0.0859375
1 0.615625 0.6625 0.0390625 0.03125
1 0.178125 0.65 0.071875 0.09375
1 0.0140625 0.6859375 0.025 0.0796875
1 0.5890625 0.85 0.053125 0.05
1 0.803125 0.184375 0.15625 0.115625
1 0.7 0.4296875 0.0546875 0.028125
1 0.5203125 0.6375 0.04375 0.03125
1 0.390625 0.60625 0.0515625 0.084375
1 0.04375 0.8171875 0.0703125 0.11875
1 0.5375 0.825 0.0390625 0.03125
1 0.321875 0.6796875 0.034375 0.0390625
1 0.2703125 0.5546875 0.0671875 0.071875
1 0.9640625 0.2078125 0.0640625 0.0546875
1 0.8890625 0.3203125 0.0640625 0.0578125
1 0.3921875 0.753125 0.059375 0.090625
1 0.2359375 0.7125 0.04375 0.0609375
1 0.9046875 0.515625 0.0546875 0.0484375
1 0.74375 0.44375 0.078125 0.053125
1 0.578125 0.5375 0.0734375 0.0640625
1 0.25 0.8390625 0.13125 0.075
1 0.9328125 0.36875 0.1328125 0.121875
1 0.4875 0.6734375 0.0625 0.0671875
1 0.76875 0.415625 0.08125 0.0640625
1 0.825 0.6515625 0.0578125 0.0484375
1 0.9578125 0.1625 0.084375 0.0703125
1 0.6859375 0.1453125 0.08125 0.0359375
1 0.625 0.3109375 0.128125 0.096875
1 0.459375 0.840625 0.059375 0.0671875
1 0.2875 0.7875 0.0453125 0.0671875
1 0.5484375 0.753125 0.04375 0.05625
1 0.79375 0.484375 0.075 0.053125
1 0.9765625 0.246875 0.046875 0.046875
1 0.0546875 0.525 0.04375 0.0453125
1 0.728125 0.384375 0.05625 0.059375
1 0.625 0.14375 0.0671875 0.0359375
1 0.25625 0.759375 0.040625 0.0546875
1 0.7609375 0.35625 0.0515625 0.046875
1 0.86875 0.2953125 0.05 0.034375
1 0.765625 0.84375 0.071875 0.0640625
1 0.6703125 0.5421875 0.1015625 0.1125
1 0.9 0.2734375 0.078125 0.0734375
1 0.803125 0.60625 0.0640625 0.0421875
1 0.8421875 0.5234375 0.084375 0.046875
1 0.6640625 0.85625 0.10625 0.0375
1 0.846875 0.4078125 0.0703125 0.0609375
1 0.1359375 0.4234375 0.0640625 0.1390625
1 0.971875 0.6140625 0.05625 0.1296875
1 0.4625 0.6140625 0.0640625 0.0515625