1 0.1546875 0.371875 0.13125 0.084375
1 0.059375 0.55 0.1171875 0.0875
1 0.1078125 0.6328125 0.1015625 0.0875
1 0.065625 0.2390625 0.1234375 0.0953125
1 0.290625 0.259375 0.1421875 0.0875
1 0.3234375 0.675 0.1125 0.0890625
1 0.4078125 0.6921875 0.096875 0.0796875
1 0.0390625 0.353125 0.078125 0.084375
1 0.7484375 0.7875 0.090625 0.090625
1 0.1421875 0.2171875 0.1234375 0.0859375
1 0.93125 0.7671875 0.08125 0.084375
1 0.3640625 0.3109375 0.10625 0.0796875
1 0.3234375 0.815625 0.1109375 0.0953125
1 0.775 0.7 0.0875 0.08125
1 0.840625 0.784375 0.0921875 0.115625
1 0.30625 0.615625 0.109375 0.06875
1 0.609375 0.7703125 0.1078125 0.10625
1 0.946875 0.8453125 0.0984375 0.0609375
1 0.303125 0.1953125 0.109375 0.0796875
1 0.840625 0.6359375 0.0671875 0.0671875
1 0.4125 0.2109375 0.0875 0.103125
1 0.4609375 0.496875 0.078125 0.0671875
1 0.9625 0.725 0.065625 0.065625
1 0.4921875 0.5390625 0.0671875 0.05
1 0.9796875 0.8078125 0.0390625 0.0625
1 0.2015625 0.1609375 0.109375 0.071875
1 0.475 0.8390625 0.065625 0.0453125
1 0.240625 0.8078125 0.0921875 0.1328125
1 0.078125 0.4953125 0.075 0.0625
1 0.88125 0.665625 0.0421875 0.0421875
1 0.2171875 0.60625 0.0546875 0.0390625
1 0.3203125 0.7515625 0.0609375 0.0390625
1 0.4234375 0.6125 0.059375 0.0375
1 0.53125 0.7984375 0.0390625 0.040625
1 0.971875 0.6828125 0.0359375 0.0328125
1 0.3078125 0.465625 0.0703125 0.04375
1 0.0890625 0.3140625 0.059375 0.0515625
1 0.4125 0.8265625 0.0453125 0.040625
1 0.709375 0.7375 0.04375 0.0546875
1 0.8671875 0.703125 0.0546875 0.0625
1 0.440625 0.378125 0.103125 0.065625
1 0.571875 0.73125 0.0421875 0.0359375
1 0.20625 0.2875 0.046875 0.03125
1 0.025 0.4671875 0.0484375 0.0546875
1 0.334375 0.421875 0.046875 0.046875
1 0.3921875 0.746875 0.0578125 0.034375
1 0.2390625 0.753125 0.0546875 0.0390625
1 0.40625 0.7859375 0.0890625 0.0515625
1 0.8125 0.6296875 0.040625 0.0484375
1 0.2640625 0.4828125 0.0578125 0.040625
1 0.4453125 0.5578125 0.0625 0.04375
1 0.24375 0.575 0.059375 0.034375
1 0.8921875 0.628125 0.0390625 0.034375
1 0.2140625 0.5078125 0.0671875 0.034375
1 0.50625 0.6734375 0.046875 0.04375
1 0.2265625 0.7078125 0.034375 0.05
1 0.509375 0.81875 0.03125 0.0484375