1 0.4640625 0.6984375 0.0296875 0.03125
1 0.2046875 0.290625 0.0390625 0.025
1 0.659375 0.61875 0.0703125 0.0703125
1 0.2125 0.5453125 0.040625 0.0328125
1 0.3015625 0.603125 0.0921875 0.0765625
1 0.8515625 0.7109375 0.078125 0.0671875
1 0.446875 0.715625 0.025 0.04375
1 0.36875 0.721875 0.0359375 0.034375
1 0.375 0.5515625 0.046875 0.03125
1 0.29375 0.6640625 0.0515625 0.034375
1 0.8171875 0.6046875 0.028125 0.0234375
1 0.80625 0.640625 0.0546875 0.053125
1 0.25 0.4484375 0.0453125 0.0296875
1 0.3078125 0.396875 0.040625 0.0390625
1 0.15 0.2859375 0.034375 0.028125
1 0.5640625 0.690625 0.0359375 0.04375
1 0.6078125 0.6484375 0.040625 0.0453125
1 0.4078125 0.45625 0.059375 0.05
1 0.5375 0.709375 0.0359375 0.0375
1 0.796875 0.7484375 0.0796875 0.0703125
1 0.7140625 0.5703125 0.0640625 0.0609375
1 0.78125 0.675 0.0671875 0.06875
1 0.2859375 0.4328125 0.053125 0.034375
1 0.234375 0.5203125 0.0484375 0.0265625
1 0.4234375 0.7328125 0.0390625 0.034375
1 0.3875 0.35625 0.0703125 0.0484375
1 0.5859375 0.675 0.028125 0.034375
1 0.7125 0.6859375 0.0734375 0.0890625
1 0.4203125 0.7796875 0.1015625 0.0765625
1 0.6171875 0.7484375 0.04375 0.05
1 0.4328125 0.490625 0.05625 0.0421875
1 0.4109375 0.6578125 0.03125 0.0390625
1 0.2203125 0.6265625 0.0265625 0.040625
1 0.3078125 0.76875 0.06875 0.0578125
1 0.6390625 0.690625 0.071875 0.0703125
1 0.8671875 0.6328125 0.0765625 0.0765625
1 0.2109375 0.4671875 0.05 0.0265625
1 0.4953125 0.646875 0.0359375 0.040625
1 0.3265625 0.30625 0.0875 0.0609375
1 0.909375 0.7453125 0.0390625 0.0671875
1 0.8625 0.7859375 0.0703125 0.0875
1 0.0546875 0.428125 0.06875 0.05625