1 0.3546875 0.5203125 0.146875 0.1375
1 0.6375 0.8453125 0.078125 0.0828125
1 0.5484375 0.6953125 0.140625 0.1421875
1 0.4328125 0.609375 0.1 0.109375
1 0.7828125 0.321875 0.0875 0.0796875
1 0.4640625 0.2828125 0.134375 0.1
1 0.428125 0.7375 0.1234375 0.1546875
1 0.2515625 0.896875 0.1609375 0.171875
1 0.5171875 0.46875 0.065625 0.0640625
1 0.684375 0.5921875 0.0796875 0.075
1 0.446875 0.459375 0.0609375 0.0578125
1 0.6484375 0.740625 0.08125 0.0921875
1 0.8234375 0.503125 0.0625 0.0875
1 0.8234375 0.21875 0.0921875 0.078125
1 0.7109375 0.6828125 0.0890625 0.1
1 0.3875 0.3546875 0.1203125 0.096875
1 0.503125 0.559375 0.0984375 0.121875
1 0.584375 0.5140625 0.0953125 0.1109375
1 0.3828125 0.4203125 0.1015625 0.071875
1 0.2421875 0.4625 0.1046875 0.11875
1 0.7265625 0.1796875 0.1203125 0.0890625
1 0.721875 0.7984375 0.090625 0.1046875
1 0.3078125 0.6328125 0.1546875 0.125
1 0.7421875 0.2734375 0.09375 0.0953125
1 0.81875 0.584375 0.0578125 0.065625
1 0.56875 0.3890625 0.1 0.1109375
1 0.778125 0.6890625 0.059375 0.0515625
1 0.6859375 0.921875 0.1421875 0.146875
1 0.7703125 0.4109375 0.084375 0.0953125
1 0.4421875 0.1578125 0.1453125 0.121875
1 0.64375 0.3359375 0.128125 0.1140625
1 0.6359375 0.2265625 0.1125 0.0859375
1 0.60625 0.6375 0.1453125 0.1265625
1 0.3453125 0.0609375 0.090625 0.1015625
1 0.625 0.46875 0.0484375 0.05
1 0.328125 0.3109375 0.1078125 0.0875
1 0.5921875 0.153125 0.1234375 0.08125
1 0.5609375 0.8 0.1234375 0.084375
1 0.33125 0.20625 0.1234375 0.115625
1 0.6421875 0.0984375 0.1015625 0.0890625
1 0.521875 0.3203125 0.103125 0.090625
1 0.265625 0.35 0.0984375 0.1015625
1 0.8328125 0.284375 0.0765625 0.0703125