1 0.475 0.521875 0.1375 0.1375
1 0.140625 0.525 0.13125 0.159375
1 0.0984375 0.353125 0.125 0.15625
1 0.2234375 0.3171875 0.121875 0.1359375
1 0.253125 0.4421875 0.1453125 0.1453125
1 0.80625 0.5390625 0.14375 0.1609375
1 0.5734375 0.64375 0.1546875 0.146875
1 0.8140625 0.78125 0.159375 0.178125
1 0.6484375 0.815625 0.1390625 0.14375
1 0.7296875 0.8796875 0.159375 0.11875
1 0.7671875 0.69375 0.1828125 0.15
1 0.85625 0.2953125 0.1359375 0.1515625
1 0.5765625 0.8734375 0.14375 0.13125
1 0.1375 0.7546875 0.1390625 0.175
1 0.2 0.86875 0.1484375 0.1421875
1 0.9328125 0.4125 0.134375 0.16875
1 0.95 0.525 0.0984375 0.121875
1 0.2078125 0.659375 0.16875 0.109375
1 0.5890625 0.3765625 0.15625 0.159375
1 0.740625 0.3984375 0.1546875 0.165625
1 0.9125 0.8890625 0.15625 0.1015625
1 0.453125 0.871875 0.1453125 0.1328125
1 0.384375 0.4578125 0.1296875 0.15