1 0.528125 0.7640625 0.05625 0.0421875
1 0.6609375 0.5609375 0.040625 0.071875
1 0.2578125 0.7859375 0.1046875 0.14375
1 0.2890625 0.509375 0.146875 0.121875
1 0.1046875 0.7984375 0.0546875 0.0609375
1 0.7140625 0.34375 0.06875 0.0875
1 0.428125 0.746875 0.0421875 0.0578125
1 0.390625 0.753125 0.0421875 0.053125
1 0.63125 0.6828125 0.078125 0.153125
1 0.5078125 0.8515625 0.053125 0.05
1 0.30625 0.65 0.0703125 0.0578125
1 0.8875 0.425 0.090625 0.103125
1 0.584375 0.66875 0.075 0.1328125
1 0.1359375 0.8375 0.05 0.053125
1 0.19375 0.7453125 0.0984375 0.11875
1 0.8140625 0.50625 0.1046875 0.1203125
1 0.6421875 0.653125 0.0453125 0.0671875
1 0.5734375 0.4296875 0.0484375 0.05625
1 0.73125 0.5859375 0.103125 0.1203125
1 0.109375 0.7375 0.0609375 0.0625
1 0.096875 0.50625 0.0546875 0.0515625
1 0.1015625 0.5703125 0.0703125 0.0515625
1 0.7640625 0.834375 0.0421875 0.0484375
1 0.8828125 0.3515625 0.0734375 0.065625
1 0.5234375 0.803125 0.0484375 0.0625
1 0.4 0.8359375 0.1015625 0.078125
1 0.65625 0.61875 0.0390625 0.05625
1 0.3671875 0.81875 0.059375 0.0609375
1 0.0359375 0.6890625 0.05625 0.05625
1 0.6875 0.36875 0.0578125 0.0578125
1 0.0765625 0.6265625 0.059375 0.0578125
1 0.775 0.353125 0.0515625 0.0453125
1 0.73125 0.7578125 0.053125 0.0765625
1 0.025 0.54375 0.046875 0.084375
1 0.7828125 0.3890625 0.0875 0.1125
1 0.696875 0.459375 0.0953125 0.13125
1 0.08125 0.4328125 0.0484375 0.06875
1 0.8296875 0.8359375 0.0890625 0.078125
1 0.5984375 0.803125 0.0640625 0.1015625
1 0.0546875 0.5 0.0421875 0.05
1 0.0234375 0.796875 0.0453125 0.0578125
1 0.9375 0.246875 0.096875 0.0609375
1 0.053125 0.3671875 0.0953125 0.1015625
1 0.375 0.6328125 0.040625 0.0421875
1 0.1625 0.3875 0.090625 0.10625
1 0.5296875 0.675 0.05 0.090625
1 0.9671875 0.4203125 0.065625 0.0890625
1 0.753125 0.690625 0.04375 0.071875
1 0.9375 0.3515625 0.0625 0.05625
1 0.95625 0.5125 0.084375 0.1171875
1 0.89375 0.546875 0.0484375 0.1234375
1 0.8703125 0.3015625 0.0390625 0.0421875
1 0.4375 0.6984375 0.0515625 0.0484375
1 0.2984375 0.703125 0.0359375 0.0328125
1 0.1984375 0.83125 0.0703125 0.084375
1 0.065625 0.278125 0.053125 0.040625
1 0.490625 0.546875 0.0703125 0.1171875
1 0.6046875 0.559375 0.0453125 0.0515625
1 0.1328125 0.534375 0.053125 0.0359375
1 0.946875 0.2984375 0.0890625 0.0796875
1 0.753125 0.303125 0.0421875 0.0484375
1 0.56875 0.5796875 0.0359375 0.046875
1 0.2546875 0.446875 0.0546875 0.0640625
1 0.8609375 0.2640625 0.040625 0.04375
1 0.703125 0.853125 0.0359375 0.0453125
1 0.0359375 0.859375 0.0671875 0.0296875
1 0.721875 0.2734375 0.040625 0.0390625
1 0.565625 0.8578125 0.0671875 0.0359375
1 0.9140625 0.8046875 0.1109375 0.1375
1 0.8859375 0.24375 0.034375 0.0375
1 0.9296875 0.65 0.065625 0.153125
1 0.4171875 0.584375 0.053125 0.0625
1 0.0921875 0.8671875 0.0328125 0.0171875
1 0.2140625 0.296875 0.0296875 0.0296875
1 0.4921875 0.6671875 0.0296875 0.04375
1 0.1125 0.6984375 0.04375 0.05625
1 0.9703125 0.725 0.040625 0.1296875
1 0.090625 0.15625 0.0734375 0.05625
1 0.8109375 0.2703125 0.065625 0.0625
1 0.8375 0.75625 0.109375 0.103125
1 0.371875 0.146875 0.0375 0.0421875
1 0.225 0.1640625 0.0921875 0.078125
1 0.20625 0.621875 0.0984375 0.1140625
1 0.203125 0.1984375 0.0734375 0.075