1 0.7046875 0.68125 0.0875 0.0859375
1 0.3 0.546875 0.034375 0.0296875
1 0.1671875 0.640625 0.0625 0.0421875
1 0.2796875 0.6484375 0.034375 0.0375
1 0.428125 0.2421875 0.03125 0.03125
1 0.36875 0.621875 0.0375 0.034375
1 0.3890625 0.490625 0.03125 0.05
1 0.2453125 0.7234375 0.0515625 0.0734375
1 0.165625 0.5765625 0.0390625 0.046875
1 0.096875 0.2796875 0.1140625 0.078125
1 0.340625 0.7265625 0.0375 0.059375
1 0.29375 0.7921875 0.13125 0.075
1 0.38125 0.175 0.028125 0.028125
1 0.396875 0.25 0.0375 0.034375
1 0.409375 0.7171875 0.08125 0.0921875
1 0.1921875 0.346875 0.1109375 0.0921875
1 0.2171875 0.5984375 0.078125 0.10625
1 0.940625 0.6671875 0.1109375 0.078125
1 0.953125 0.7375 0.0703125 0.0609375
1 0.5140625 0.690625 0.0734375 0.0984375
1 0.465625 0.8046875 0.03125 0.040625
1 0.390625 0.653125 0.0671875 0.08125
1 0.4078125 0.1640625 0.03125 0.028125
1 0.359375 0.7703125 0.025 0.0328125
1 0.346875 0.6015625 0.0421875 0.03125
1 0.303125 0.4421875 0.0390625 0.0328125
1 0.2203125 0.521875 0.0515625 0.05625
1 0.4390625 0.80625 0.028125 0.03125
1 0.43125 0.5890625 0.01875 0.03125
1 0.54375 0.5984375 0.0640625 0.06875
1 0.28125 0.5671875 0.0453125 0.0234375
1 0.7484375 0.73125 0.0734375 0.109375
1 0.428125 0.28125 0.0609375 0.0578125
1 0.421875 0.8 0.034375 0.028125
1 0.7296875 0.8046875 0.0234375 0.0375
1 0.34375 0.3953125 0.0375 0.0328125
1 0.30625 0.6671875 0.0359375 0.040625
1 0.390625 0.8421875 0.096875 0.0671875
1 0.3140625 0.209375 0.0765625 0.0625
1 0.328125 0.4734375 0.0671875 0.0734375
1 0.675 0.35 0.0609375 0.06875
1 0.1671875 0.4375 0.040625 0.028125
1 0.128125 0.178125 0.0453125 0.040625
1 0.2515625 0.2515625 0.0734375 0.05
1 0.490625 0.2734375 0.0578125 0.0390625
1 0.7546875 0.4140625 0.0578125 0.0609375
1 0.5125 0.5703125 0.0390625 0.053125
1 0.3453125 0.659375 0.0328125 0.059375
1 0.2890625 0.46875 0.03125 0.0296875
1 0.6125 0.7015625 0.0390625 0.0375
1 0.4546875 0.6328125 0.034375 0.05625
1 0.34375 0.1921875 0.05625 0.0515625
1 0.4203125 0.1953125 0.05 0.0375
1 0.33125 0.7515625 0.0328125 0.0421875
1 0.5609375 0.84375 0.0671875 0.0640625
1 0.490625 0.778125 0.0296875 0.05
1 0.0421875 0.53125 0.078125 0.0828125
1 0.6515625 0.6140625 0.0578125 0.0796875
1 0.15 0.49375 0.0796875 0.0625
1 0.5796875 0.7203125 0.034375 0.046875
1 0.1796875 0.1921875 0.06875 0.06875
1 0.8015625 0.7203125 0.065625 0.0859375
1 0.1875 0.1484375 0.084375 0.0453125
1 0.3796875 0.3375 0.0828125 0.08125
1 0.265625 0.2953125 0.0453125 0.059375
1 0.2734375 0.15625 0.0671875 0.059375
1 0.49375 0.615625 0.0265625 0.0421875
1 0.421875 0.5546875 0.0328125 0.0359375
1 0.734375 0.859375 0.03125 0.0296875
1 0.2359375 0.19375 0.0765625 0.0765625
1 0.7828125 0.6328125 0.0859375 0.0703125
1 0.5640625 0.7578125 0.034375 0.0515625
1 0.546875 0.809375 0.025 0.04375
1 0.3296875 0.1546875 0.04375 0.0359375
1 0.0578125 0.459375 0.1 0.0625
1 0.834375 0.8625 0.028125 0.0234375
1 0.653125 0.834375 0.0828125 0.078125
1 0.03125 0.3375 0.0546875 0.05
1 0.359375 0.146875 0.065625 0.04375
1 0.15625 0.2171875 0.053125 0.046875
1 0.6796875 0.8046875 0.0390625 0.053125
1 0.371875 0.3109375 0.05625 0.0328125
1 0.1484375 0.6875 0.0703125 0.053125
1 0.375 0.7015625 0.040625 0.0703125
1 0.19375 0.25625 0.1046875 0.0859375
1 0.83125 0.4640625 0.053125 0.053125
1 0.8421875 0.7984375 0.0734375 0.0765625
1 0.4421875 0.396875 0.0453125 0.0484375
1 0.30625 0.2875 0.0921875 0.078125
1 0.015625 0.465625 0.0265625 0.025
1 0.8921875 0.6671875 0.0484375 0.0515625
1 0.0171875 0.5078125 0.034375 0.06875
1 0.596875 0.7640625 0.028125 0.034375
1 0.1 0.3453125 0.1015625 0.0765625
1 0.6765625 0.403125 0.0296875 0.0421875
1 0.9125 0.775 0.040625 0.0515625
1 0.59375 0.65625 0.0375 0.0625
1 0.4359375 0.4921875 0.071875 0.0453125
1 0.09375 0.6328125 0.0484375 0.04375
1 0.084375 0.225 0.0421875 0.0375
1 0.7265625 0.521875 0.065625 0.0390625
1 0.7921875 0.5703125 0.0296875 0.0515625
1 0.4921875 0.29375 0.05625 0.034375
1 0.7390625 0.459375 0.065625 0.04375
1 0.58125 0.4453125 0.04375 0.046875
1 0.0765625 0.4125 0.10625 0.071875
1 0.79375 0.290625 0.1265625 0.1390625
1 0.7125 0.5703125 0.0421875 0.059375
1 0.8859375 0.565625 0.0265625 0.0234375
1 0.1203125 0.6203125 0.0390625 0.0453125
1 0.3171875 0.640625 0.0296875 0.0546875
1 0.73125 0.49375 0.065625 0.034375
1 0.9 0.3796875 0.05 0.0546875
1 0.3140625 0.846875 0.0546875 0.0453125