1 0.7875 0.6421875 0.0953125 0.10625
1 0.2078125 0.34375 0.0890625 0.1
1 0.325 0.6703125 0.1015625 0.0984375
1 0.7609375 0.496875 0.1265625 0.1375
1 0.553125 0.7625 0.1015625 0.1
1 0.64375 0.58125 0.109375 0.1421875
1 0.590625 0.35625 0.1 0.096875
1 0.8484375 0.64375 0.0890625 0.125
1 0.69375 0.790625 0.128125 0.109375
1 0.228125 0.4203125 0.109375 0.06875
1 0.48125 0.665625 0.078125 0.0984375
1 0.9453125 0.69375 0.0921875 0.084375
1 0.58125 0.5015625 0.0859375 0.084375
1 0.3703125 0.5625 0.1609375 0.140625
1 0.7984375 0.7484375 0.1328125 0.115625
1 0.23125 0.4890625 0.13125 0.10625
1 0.1328125 0.5625 0.1328125 0.1109375
1 0.2734375 0.66875 0.06875 0.0890625
1 0.8359375 0.8078125 0.109375 0.0828125
1 0.190625 0.6625 0.075 0.0859375
1 0.903125 0.8109375 0.0796875 0.0765625
1 0.5 0.1859375 0.1390625 0.0671875
1 0.40625 0.3703125 0.15 0.121875
1 0.10625 0.1953125 0.1015625 0.084375
1 0.2515625 0.2484375 0.1109375 0.1203125
1 0.6390625 0.4359375 0.128125 0.1015625
1 0.68125 0.2421875 0.1125 0.06875
1 0.3828125 0.4546875 0.1140625 0.0984375
1 0.3140625 0.784375 0.109375 0.1265625
1 0.3515625 0.2890625 0.115625 0.0796875
1 0.9765625 0.634375 0.046875 0.096875
1 0.66875 0.3046875 0.1078125 0.1125
1 0.3015625 0.36875 0.1171875 0.14375
1 0.440625 0.7484375 0.14375 0.1578125
1 0.7515625 0.3703125 0.128125 0.11875
1 0.1265625 0.2796875 0.1125 0.1140625
1 0.525 0.4203125 0.0671875 0.0640625
1 0.9125 0.7484375 0.0578125 0.059375
1 0.9171875 0.5734375 0.109375 0.0984375
1 0.540625 0.259375 0.1421875 0.1140625
1 0.4921875 0.503125 0.13125 0.159375
1 0.965625 0.7640625 0.059375 0.059375
1 0.5609375 0.609375 0.1265625 0.1484375
1 0.4078125 0.24375 0.13125 0.0921875
1 0.2515625 0.5859375 0.078125 0.0671875
1 0.859375 0.3953125 0.09375 0.1
1 0.70625 0.6625 0.1109375 0.146875
1 0.68125 0.1828125 0.084375 0.0609375
1 0.3625 0.178125 0.11875 0.0515625
1 0.878125 0.5046875 0.1171875 0.121875
1 0.6046875 0.1921875 0.06875 0.0796875