1 0.51875 0.43125 0.021875 0.0515625
1 0.5640625 0.34375 0.053125 0.040625
1 0.5984375 0.3453125 0.03125 0.071875
1 0.6265625 0.4328125 0.0234375 0.053125
1 0.653125 0.3859375 0.028125 0.059375
1 0.8078125 0.3484375 0.040625 0.059375
1 0.840625 0.2875 0.05 0.0578125
1 0.625 0.325 0.0328125 0.0578125
1 0.81875 0.4046875 0.0359375 0.0609375
1 0.6328125 0.2828125 0.028125 0.0390625
1 0.484375 0.309375 0.0328125 0.06875
1 0.853125 0.365625 0.0546875 0.04375
1 0.7734375 0.3296875 0.03125 0.05
1 0.790625 0.4015625 0.034375 0.0640625
1 0.5421875 0.596875 0.0328125 0.059375
1 0.659375 0.2828125 0.025 0.0375
1 0.7390625 0.35 0.040625 0.05625
1 0.721875 0.428125 0.0625 0.0328125
1 0.5140625 0.3203125 0.034375 0.04375
1 0.678125 0.3140625 0.05625 0.0390625
1 0.59375 0.4296875 0.03125 0.053125
1 0.5015625 0.534375 0.0375 0.0484375
1 0.5203125 0.284375 0.034375 0.0453125
1 0.925 0.3046875 0.046875 0.0484375
1 0.578125 0.5125 0.034375 0.053125
1 0.6921875 0.2765625 0.034375 0.0421875
1 0.515625 0.6015625 0.0296875 0.046875
1 0.646875 0.3421875 0.0265625 0.040625
1 0.76875 0.3984375 0.025 0.0515625
1 0.8703125 0.38125 0.0359375 0.0578125
1 0.925 0.35 0.0828125 0.04375
1 0.6734375 0.4640625 0.0375 0.04375
1 0.875 0.2921875 0.06875 0.053125
1 0.5 0.65625 0.0390625 0.0484375
1 0.9140625 0.425 0.0546875 0.0578125
1 0.6265625 0.3703125 0.0265625 0.0328125
1 0.3984375 0.6453125 0.04375 0.053125
1 0.9 0.39375 0.04375 0.05625
1 0.7359375 0.4609375 0.04375 0.03125
1 0.6890625 0.446875 0.0359375 0.0359375
1 0.4296875 0.621875 0.046875 0.0375
1 0.7359375 0.5125 0.040625 0.0875
1 0.9234375 0.23125 0.0640625 0.0375
1 0.5578125 0.41875 0.03125 0.0375
1 0.8140625 0.4640625 0.084375 0.0484375
1 0.8765625 0.428125 0.034375 0.05
1 0.503125 0.5671875 0.0265625 0.0375
1 0.3703125 0.66875 0.0265625 0.065625
1 0.9703125 0.1875 0.0296875 0.046875
1 0.634375 0.46875 0.0453125 0.025
1 0.4953125 0.625 0.0328125 0.0328125
1 0.8515625 0.4140625 0.0296875 0.0328125
1 0.98125 0.321875 0.0328125 0.0796875
1 0.5234375 0.553125 0.0234375 0.0375
1 0.6921875 0.5359375 0.0453125 0.0296875
1 0.5796875 0.665625 0.0671875 0.0359375
1 0.38125 0.609375 0.0390625 0.05
1 0.4640625 0.609375 0.034375 0.0296875
1 0.8890625 0.2578125 0.0390625 0.021875
1 0.7125 0.46875 0.03125 0.028125
1 0.9140625 0.2640625 0.03125 0.03125
1 0.76875 0.4734375 0.0296875 0.03125
1 0.4140625 0.6015625 0.0328125 0.028125
1 0.953125 0.1484375 0.0546875 0.0453125