1 0.559375 0.6828125 0.121875 0.1328125
1 0.375 0.65625 0.2015625 0.184375
1 0.6359375 0.828125 0.1734375 0.153125
1 0.5390625 0.128125 0.10625 0.0984375
1 0.66875 0.2875 0.1296875 0.0890625
1 0.425 0.2515625 0.1734375 0.1265625
1 0.2921875 0.1546875 0.1125 0.1109375
1 0.378125 0.11875 0.0984375 0.08125
1 0.340625 0.790625 0.1890625 0.1203125
1 0.76875 0.225 0.1421875 0.103125
1 0.6515625 0.6203125 0.1140625 0.1234375
1 0.1875 0.359375 0.1265625 0.140625
1 0.6984375 0.7515625 0.1734375 0.1328125
1 0.503125 0.89375 0.1375 0.16875
1 0.21875 0.184375 0.09375 0.0890625
1 0.46875 0.3828125 0.1609375 0.1171875
1 0.7015625 0.4109375 0.165625 0.1265625
1 0.8203125 0.7875 0.103125 0.1109375
1 0.6765625 0.9359375 0.13125 0.0890625
1 0.6125 0.4859375 0.125 0.1296875
1 0.6078125 0.21875 0.15625 0.0890625
1 0.765625 0.8609375 0.09375 0.0953125
1 0.3875 0.475 0.14375 0.09375
1 0.61875 0.325 0.121875 0.103125
1 0.271875 0.90625 0.259375 0.1859375
1 0.2328125 0.609375 0.1140625 0.1234375
1 0.7875 0.596875 0.1453125 0.128125
1 0.6515625 0.1359375 0.1109375 0.0703125
1 0.16875 0.5265625 0.090625 0.128125
1 0.3140625 0.346875 0.0984375 0.078125
1 0.803125 0.4921875 0.109375 0.1203125
1 0.7875 0.6890625 0.1015625 0.078125
1 0.421875 0.0734375 0.0859375 0.0671875
1 0.8 0.325 0.0984375 0.103125
1 0.50625 0.509375 0.1046875 0.1015625