1 0.496875 0.575 0.1546875 0.128125
1 0.2984375 0.2625 0.134375 0.1078125
1 0.75 0.571875 0.159375 0.115625
1 0.19375 0.4703125 0.140625 0.115625
1 0.6796875 0.9046875 0.1703125 0.15
1 0.771875 0.8171875 0.19375 0.1453125
1 0.2703125 0.73125 0.165625 0.165625
1 0.534375 0.690625 0.1546875 0.11875
1 0.3140625 0.11875 0.0921875 0.0828125
1 0.7484375 0.134375 0.10625 0.10625
1 0.6953125 0.6890625 0.140625 0.1484375
1 0.509375 0.065625 0.1046875 0.1015625
1 0.74375 0.478125 0.1484375 0.0953125
1 0.5546875 0.340625 0.1046875 0.1171875
1 0.265625 0.6015625 0.11875 0.1203125
1 0.4828125 0.1578125 0.10625 0.071875
1 0.203125 0.1921875 0.0828125 0.06875
1 0.2453125 0.8984375 0.1484375 0.1921875
1 0.684375 0.2453125 0.10625 0.103125
1 0.4015625 0.1546875 0.1125 0.103125
1 0.1859375 0.65625 0.1046875 0.096875
1 0.153125 0.125 0.059375 0.09375
1 0.8296875 0.1453125 0.0890625 0.1203125
1 0.559375 0.240625 0.125 0.090625
1 0.3078125 0.5234375 0.1140625 0.0828125
1 0.4703125 0.225 0.1078125 0.09375
1 0.2984375 0.1875 0.1140625 0.065625
1 0.6078125 0.5828125 0.090625 0.11875
1 0.5640625 0.803125 0.18125 0.184375
1 0.840625 0.440625 0.0640625 0.090625
1 0.6140625 0.50625 0.103125 0.10625
1 0.6453125 0.4125 0.0875 0.0921875
1 0.1671875 0.253125 0.0859375 0.0796875
1 0.3671875 0.7796875 0.1296875 0.1515625
1 0.484375 0.94375 0.1203125 0.1109375
1 0.396875 0.4421875 0.109375 0.090625
1 0.475 0.3234375 0.0765625 0.1015625
1 0.5828125 0.128125 0.08125 0.0875
1 0.2109375 0.1375 0.0703125 0.0515625
1 0.7765625 0.28125 0.0890625 0.0796875
1 0.3703125 0.61875 0.0890625 0.115625
1 0.396875 0.0625 0.0984375 0.0640625
1 0.7046875 0.2 0.1 0.06875
1 0.8171875 0.0375 0.0984375 0.0640625
1 0.809375 0.234375 0.075 0.0921875
1 0.49375 0.409375 0.0875 0.0921875
1 0.2375 0.3609375 0.0953125 0.0859375
1 0.78125 0.39375 0.0796875 0.065625
1 0.6109375 0.0390625 0.0859375 0.078125
1 0.334375 0.03125 0.071875 0.0609375
1 0.3171875 0.453125 0.075 0.0734375
1 0.1484375 0.315625 0.0484375 0.06875
1 0.83125 0.34375 0.0828125 0.071875
1 0.2484375 0.1046875 0.0953125 0.1015625
1 0.6359375 0.3078125 0.065625 0.0875
1 0.4796875 0.8125 0.1078125 0.1640625
1 0.3984375 0.334375 0.1015625 0.1265625
1 0.1515625 0.3859375 0.05625 0.0640625
1 0.659375 0.1359375 0.0828125 0.084375
1 0.746875 0.3390625 0.0921875 0.075
1 0.203125 0.5671875 0.109375 0.084375
1 0.275 0.390625 0.08125 0.0953125