1 0.390625 0.69375 0.0359375 0.08125
1 0.4453125 0.61875 0.046875 0.0671875
1 0.296875 0.821875 0.034375 0.0359375
1 0.3578125 0.5921875 0.034375 0.0625
1 0.134375 0.3546875 0.0390625 0.0609375
1 0.309375 0.41875 0.034375 0.0390625
1 0.275 0.434375 0.0359375 0.071875
1 0.209375 0.609375 0.0609375 0.0359375
1 0.1859375 0.4765625 0.08125 0.034375
1 0.2859375 0.3828125 0.0328125 0.046875
1 0.3046875 0.490625 0.03125 0.065625
1 0.2890625 0.6625 0.06875 0.0390625
1 0.428125 0.703125 0.0453125 0.0609375
1 0.3875 0.4828125 0.0375 0.046875
1 0.2765625 0.3109375 0.034375 0.0453125
1 0.434375 0.7609375 0.0515625 0.0703125
1 0.5234375 0.7328125 0.0578125 0.0484375
1 0.2359375 0.3 0.0453125 0.0546875
1 0.3140625 0.3640625 0.0375 0.071875
1 0.43125 0.5015625 0.0390625 0.0765625
1 0.3078125 0.3125 0.0328125 0.046875
1 0.146875 0.6921875 0.0578125 0.046875
1 0.128125 0.5296875 0.0328125 0.0359375
1 0.175 0.3859375 0.0453125 0.06875
1 0.4453125 0.321875 0.040625 0.0546875
1 0.3453125 0.3890625 0.0390625 0.08125
1 0.3828125 0.390625 0.0359375 0.0828125
1 0.0234375 0.5671875 0.0453125 0.040625
1 0.178125 0.51875 0.071875 0.05
1 0.0921875 0.3765625 0.0515625 0.0671875
1 0.10625 0.4375 0.0375 0.0734375
1 0.0703125 0.4421875 0.046875 0.065625
1 0.3421875 0.4875 0.0328125 0.0546875
1 0.03125 0.4515625 0.0359375 0.0359375
1 0.228125 0.5015625 0.0484375 0.0375