1 0.3421875 0.509375 0.1265625 0.115625
1 0.3203125 0.309375 0.1265625 0.1484375
1 0.6265625 0.5109375 0.1625 0.13125
1 0.46875 0.66875 0.15 0.1734375
1 0.11875 0.434375 0.1546875 0.1390625
1 0.646875 0.4078125 0.1296875 0.1375
1 0.2375 0.3 0.1171875 0.1625
1 0.66875 0.7078125 0.1265625 0.190625
1 0.353125 0.4125 0.1375 0.109375
1 0.496875 0.5234375 0.15 0.1234375
1 0.525 0.325 0.10625 0.1296875
1 0.6484375 0.240625 0.11875 0.1546875
1 0.81875 0.63125 0.1484375 0.184375
1 0.4328125 0.3234375 0.1046875 0.1109375
1 0.4359375 0.2140625 0.1078125 0.115625
1 0.2328125 0.43125 0.10625 0.1296875
1 0.85 0.496875 0.121875 0.13125
1 0.91875 0.565625 0.103125 0.1125
1 0.278125 0.6125 0.1546875 0.109375
1 0.778125 0.3109375 0.121875 0.1109375
1 0.2390625 0.51875 0.10625 0.1078125
1 0.0359375 0.259375 0.0703125 0.10625
1 0.1453125 0.584375 0.134375 0.1265625
1 0.534375 0.1984375 0.1078125 0.0921875
1 0.54375 0.41875 0.096875 0.103125
1 0.2015625 0.7984375 0.1765625 0.1
1 0.1328125 0.34375 0.0875 0.06875
1 0.8109375 0.25 0.1375 0.1140625
1 0.20625 0.6875 0.103125 0.1125
1 0.9421875 0.7171875 0.1015625 0.125
1 0.778125 0.7375 0.10625 0.109375
1 0.3828125 0.5984375 0.1125 0.140625
1 0.33125 0.7578125 0.1296875 0.121875
1 0.8796875 0.7625 0.1125 0.11875
1 0.9578125 0.365625 0.08125 0.115625
1 0.0328125 0.6828125 0.0640625 0.1140625
1 0.9171875 0.1953125 0.096875 0.0875
1 0.5359375 0.7671875 0.1109375 0.096875
1 0.0859375 0.3171875 0.0796875 0.1
1 0.9703125 0.640625 0.059375 0.1125
1 0.0546875 0.1921875 0.0796875 0.0578125
1 0.309375 0.209375 0.096875 0.0734375
1 0.9265625 0.4671875 0.0828125 0.0890625
1 0.625 0.6125 0.096875 0.078125
1 0.740625 0.621875 0.084375 0.121875
1 0.5671875 0.296875 0.0859375 0.1078125
1 0.4734375 0.4484375 0.1046875 0.08125
1 0.1671875 0.26875 0.075 0.0875
1 0.440625 0.8 0.0875 0.0859375
1 0.10625 0.64375 0.084375 0.0734375
1 0.103125 0.7296875 0.128125 0.1234375
1 0.80625 0.7984375 0.0921875 0.09375
1 0.978125 0.8140625 0.0421875 0.0671875
1 0.2859375 0.71875 0.096875 0.1171875
1 0.7546875 0.4046875 0.140625 0.1671875
1 0.459375 0.4015625 0.075 0.06875
1 0.2 0.2078125 0.078125 0.0765625
1 0.721875 0.184375 0.078125 0.0625
1 0.0625 0.6328125 0.05 0.0609375
1 0.13125 0.2046875 0.0875 0.0671875
1 0.5125 0.815625 0.1 0.0671875
1 0.4265625 0.71875 0.0671875 0.078125
1 0.090625 0.5515625 0.0515625 0.0734375
1 0.971875 0.303125 0.0546875 0.09375
1 0.915625 0.2921875 0.059375 0.034375
1 0.3859375 0.2703125 0.0484375 0.06875
1 0.3828125 0.19375 0.071875 0.08125
1 0.803125 0.1765625 0.1046875 0.046875