1 0.6125 0.7546875 0.1375 0.140625
1 0.9 0.8078125 0.1421875 0.1234375
1 0.30625 0.515625 0.1328125 0.1453125
1 0.1703125 0.478125 0.1453125 0.1125
1 0.3328125 0.3890625 0.1578125 0.1484375
1 0.165625 0.3234375 0.1765625 0.1640625
1 0.4328125 0.49375 0.1578125 0.1546875
1 0.7578125 0.7859375 0.1421875 0.1453125
1 0.05625 0.4625 0.109375 0.1859375
1 0.5703125 0.51875 0.10625 0.165625
1 0.5140625 0.6796875 0.1390625 0.18125
1 0.9078125 0.5796875 0.1609375 0.1421875
1 0.825 0.6828125 0.14375 0.13125
1 0.7546875 0.625 0.046875 0.0515625
1 0.7015625 0.478125 0.0546875 0.053125
1 0.61875 0.609375 0.109375 0.1296875
1 0.7984375 0.5390625 0.1328125 0.140625
1 0.9515625 0.721875 0.0953125 0.1515625
1 0.71875 0.5796875 0.0546875 0.05625