1 0.5140625 0.4421875 0.034375 0.04375
1 0.6171875 0.43125 0.0234375 0.05
1 0.5765625 0.509375 0.0328125 0.0515625
1 0.640625 0.3875 0.0265625 0.05625
1 0.5859375 0.428125 0.028125 0.0578125
1 0.503125 0.528125 0.0375 0.0484375
1 0.546875 0.5875 0.0328125 0.0609375
1 0.55625 0.353125 0.0296875 0.0671875
1 0.5515625 0.425 0.03125 0.0421875
1 0.6671875 0.459375 0.0359375 0.0421875
1 0.478125 0.3265625 0.0296875 0.06875
1 0.509375 0.6421875 0.0390625 0.0515625
1 0.675 0.2828125 0.03125 0.04375
1 0.51875 0.5921875 0.0328125 0.0453125
1 0.6125 0.33125 0.0296875 0.0546875
1 0.6421875 0.290625 0.025 0.0359375
1 0.5078125 0.296875 0.0328125 0.0453125
1 0.6171875 0.290625 0.025 0.0359375
1 0.5859375 0.3515625 0.0296875 0.065625
1 0.63125 0.3453125 0.025 0.0390625
1 0.6140625 0.3734375 0.025 0.03125
1 0.659375 0.3203125 0.0640625 0.0328125
1 0.5046875 0.3328125 0.0296875 0.0390625
1 0.5265625 0.546875 0.025 0.034375
1 0.5953125 0.3984375 0.025 0.03125
1 0.384375 0.665625 0.025 0.0640625
1 0.6296875 0.4625 0.046875 0.021875
1 0.690625 0.5234375 0.04375 0.028125
1 0.50625 0.5625 0.0265625 0.0328125
1 0.934375 0.1859375 0.0296875 0.0453125
1 0.625 0.565625 0.053125 0.03125
1 0.2453125 0.60625 0.040625 0.021875
1 0.675 0.4421875 0.03125 0.0328125
1 0.7203125 0.35625 0.034375 0.040625
1 0.5859375 0.65 0.0640625 0.0328125
1 0.8 0.4515625 0.0828125 0.0453125
1 0.61875 0.6890625 0.0265625 0.028125
1 0.7265625 0.5 0.0390625 0.0859375
1 0.740625 0.590625 0.0484375 0.0359375
1 0.89375 0.23125 0.06875 0.034375
1 0.4390625 0.6171875 0.040625 0.0328125
1 0.678125 0.6875 0.0546875 0.0328125
1 0.428125 0.4109375 0.059375 0.0890625
1 0.434375 0.721875 0.0359375 0.034375
1 0.5015625 0.615625 0.0328125 0.0296875
1 0.83125 0.3578125 0.0546875 0.0375
1 0.3875 0.6078125 0.0390625 0.046875
1 0.9609375 0.30625 0.0515625 0.0890625
1 0.9015625 0.3375 0.08125 0.0390625
1 0.815625 0.2859375 0.0453125 0.0546875
1 0.60625 0.7140625 0.046875 0.0265625
1 0.775 0.3921875 0.0296875 0.0625
1 0.890625 0.409375 0.04375 0.0515625
1 0.753125 0.325 0.03125 0.046875
1 0.7171875 0.453125 0.0546875 0.0375
1 0.709375 0.421875 0.0625 0.0296875
1 0.803125 0.396875 0.0375 0.053125
1 0.853125 0.4921875 0.0625 0.034375
1 0.7875 0.34375 0.040625 0.0546875
1 0.89375 0.2953125 0.04375 0.0515625
1 0.409375 0.640625 0.04375 0.046875
1 0.471875 0.6015625 0.0328125 0.0296875
1 0.0546875 0.484375 0.046875 0.0625
1 0.4234375 0.5984375 0.03125 0.0265625
1 0.8328125 0.4015625 0.028125 0.0328125
1 0.5078125 0.8453125 0.078125 0.053125
1 0.54375 0.203125 0.028125 0.0265625
1 0.8765625 0.3796875 0.0359375 0.05
1 0.8578125 0.4140625 0.034375 0.0484375
1 0.65625 0.659375 0.0484375 0.08125
1 0.415625 0.7015625 0.046875 0.03125
1 0.6296875 0.2046875 0.04375 0.0375
1 0.8609375 0.25625 0.034375 0.0234375
1 0.28125 0.7171875 0.0328125 0.0421875
1 0.4796875 0.74375 0.08125 0.1390625
1 0.846875 0.2890625 0.0578125 0.053125
1 0.7828125 0.765625 0.028125 0.0515625
1 0.6203125 0.775 0.03125 0.034375
1 0.565625 0.1921875 0.040625 0.0375
1 0.8515625 0.3703125 0.0328125 0.053125
1 0.9171875 0.15 0.0546875 0.046875
1 0.2796875 0.634375 0.0375 0.03125
1 0.4328125 0.690625 0.1140625 0.0296875
1 0.8875 0.7640625 0.0296875 0.046875
1 0.278125 0.35 0.0828125 0.0375
1 0.865625 0.5359375 0.1 0.0703125
1 0.8875 0.25625 0.0265625 0.0265625
1 0.246875 0.659375 0.040625 0.059375
1 0.940625 0.140625 0.0453125 0.0296875
1 0.8109375 0.8015625 0.0484375 0.028125
1 0.275 0.5640625 0.05 0.0734375
1 0.240625 0.3734375 0.0828125 0.0328125