1 0.48125 0.5 0.1859375 0.1984375
1 0.6578125 0.5171875 0.1453125 0.16875
1 0.284375 0.6453125 0.175 0.1640625
1 0.3984375 0.7359375 0.2203125 0.2421875
1 0.628125 0.3578125 0.178125 0.1859375
1 0.9546875 0.43125 0.0875 0.2125
1 0.2765625 0.8078125 0.184375 0.1296875
1 0.053125 0.74375 0.10625 0.1625
1 0.1015625 0.828125 0.1796875 0.090625
1 0.328125 0.51875 0.1421875 0.2
1 0.0640625 0.553125 0.125 0.1703125
1 0.840625 0.2703125 0.225 0.2109375
1 0.1796875 0.5140625 0.125 0.1484375
1 0.834375 0.465625 0.1875 0.153125
1 0.184375 0.4640625 0.0609375 0.0453125
1 0.1625 0.803125 0.053125 0.0546875
1 0.0234375 0.615625 0.04375 0.0578125
1 0.2234375 0.4046875 0.1046875 0.0765625
1 0.01875 0.8125 0.0359375 0.0765625
1 0.8890625 0.725 0.0765625 0.034375
1 0.328125 0.3671875 0.03125 0.03125