1 0.4921875 0.175 0.0796875 0.0765625
1 0.7390625 0.7359375 0.09375 0.0859375
1 0.2421875 0.5328125 0.090625 0.109375
1 0.2796875 0.88125 0.1375 0.1296875
1 0.5453125 0.5484375 0.0828125 0.0921875
1 0.640625 0.6125 0.075 0.0625
1 0.6625 0.8890625 0.125 0.1265625
1 0.3109375 0.6640625 0.140625 0.1015625
1 0.203125 0.328125 0.1265625 0.1125
1 0.475 0.59375 0.090625 0.1015625
1 0.4828125 0.515625 0.05625 0.053125
1 0.41875 0.6375 0.084375 0.09375
1 0.496875 0.940625 0.078125 0.1015625
1 0.221875 0.246875 0.065625 0.059375
1 0.709375 0.3765625 0.075 0.06875
1 0.5703125 0.1984375 0.0875 0.075
1 0.7140625 0.621875 0.0875 0.0921875
1 0.25625 0.7546875 0.18125 0.1484375
1 0.61875 0.7375 0.0671875 0.075
1 0.4203125 0.7484375 0.109375 0.1296875
1 0.7578125 0.5953125 0.046875 0.059375
1 0.8328125 0.3171875 0.075 0.0671875
1 0.3640625 0.48125 0.0890625 0.05625
1 0.425 0.3640625 0.11875 0.090625
1 0.6890625 0.7828125 0.08125 0.0890625
1 0.4 0.2546875 0.128125 0.1046875
1 0.3125 0.1796875 0.0828125 0.08125
1 0.7390625 0.8078125 0.075 0.0703125
1 0.740625 0.284375 0.0890625 0.0671875
1 0.5765625 0.303125 0.0953125 0.0703125
1 0.66875 0.334375 0.0796875 0.0796875
1 0.75625 0.528125 0.059375 0.071875
1 0.5734375 0.65 0.125 0.1015625
1 0.365625 0.4296875 0.0984375 0.075
1 0.2515625 0.2015625 0.0734375 0.0734375
1 0.6515625 0.2578125 0.1046875 0.075
1 0.5265625 0.7046875 0.128125 0.1140625
1 0.534375 0.24375 0.109375 0.0671875
1 0.8203125 0.5890625 0.090625 0.1140625
1 0.3015625 0.303125 0.1109375 0.1015625
1 0.7734375 0.4328125 0.084375 0.0984375
1 0.5484375 0.8609375 0.10625 0.0796875
1 0.4484375 0.45625 0.0703125 0.0734375
1 0.6625 0.5390625 0.1265625 0.1
1 0.6140625 0.828125 0.06875 0.0796875
1 0.2546875 0.43125 0.0921875 0.0890625
1 0.6640625 0.6828125 0.09375 0.0890625
1 0.6140625 0.3515625 0.0484375 0.0515625
1 0.8234375 0.478125 0.0921875 0.09375
1 0.309375 0.4734375 0.05625 0.05625
1 0.578125 0.5125 0.04375 0.040625
1 0.5921875 0.3953125 0.1234375 0.096875
1 0.54375 0.7921875 0.1109375 0.06875
1 0.7640625 0.34375 0.0796875 0.0640625
1 0.171875 0.63125 0.0953125 0.1171875
1 0.540625 0.3234375 0.084375 0.0703125
1 0.8546875 0.3984375 0.04375 0.071875
1 0.409375 0.128125 0.0640625 0.053125
1 0.7484375 0.228125 0.0828125 0.059375
1 0.5546875 0.1296875 0.059375 0.0671875
1 0.6796875 0.459375 0.115625 0.096875
1 0.375 0.0859375 0.09375 0.0703125
1 0.4390625 0.21875 0.0828125 0.075
1 0.3078125 0.390625 0.090625 0.0671875
1 0.4765625 0.0921875 0.053125 0.0421875
1 0.5671875 0.08125 0.059375 0.046875
1 0.81875 0.38125 0.053125 0.0640625
1 0.18125 0.453125 0.10625 0.0984375