1 0.240625 0.7265625 0.0515625 0.0515625
1 0.171875 0.684375 0.0609375 0.059375
1 0.8 0.3359375 0.0703125 0.0828125
1 0.8390625 0.2953125 0.0375 0.04375
1 0.215625 0.5140625 0.0546875 0.0484375
1 0.240625 0.7765625 0.0515625 0.05625
1 0.5109375 0.715625 0.0390625 0.0453125
1 0.8171875 0.4265625 0.0578125 0.0625
1 0.8609375 0.3390625 0.05 0.040625
1 0.4265625 0.634375 0.06875 0.05625
1 0.384375 0.7625 0.1046875 0.134375
1 0.23125 0.5765625 0.075 0.0546875
1 0.1921875 0.628125 0.0703125 0.05625
1 0.0671875 0.3953125 0.125 0.1234375
1 0.64375 0.7234375 0.053125 0.0390625
1 0.4390625 0.509375 0.071875 0.06875
1 0.7625 0.534375 0.040625 0.0640625
1 0.1265625 0.5890625 0.0546875 0.05625
1 0.325 0.721875 0.0984375 0.1109375
1 0.746875 0.6203125 0.046875 0.065625
1 0.1609375 0.39375 0.1109375 0.10625
1 0.7609375 0.5875 0.0421875 0.0546875
1 0.1375 0.253125 0.096875 0.1171875
1 0.86875 0.378125 0.071875 0.0953125
1 0.6421875 0.64375 0.0484375 0.0875
1 0.5484375 0.7203125 0.04375 0.059375
1 0.640625 0.7609375 0.046875 0.0515625
1 0.9625 0.4046875 0.075 0.103125
1 0.95 0.2875 0.0375 0.0375
1 0.3765625 0.5 0.09375 0.0921875
1 0.9609375 0.3421875 0.0578125 0.053125
1 0.90625 0.4875 0.10625 0.13125
1 0.5625 0.840625 0.0484375 0.04375
1 0.0171875 0.4875 0.034375 0.0515625
1 0.6265625 0.803125 0.0640625 0.0609375
1 0.275 0.8171875 0.0546875 0.046875
1 0.165625 0.85 0.0875 0.0515625
1 0.271875 0.3984375 0.0859375 0.0953125
1 0.7328125 0.665625 0.034375 0.046875
1 0.5984375 0.528125 0.075 0.10625
1 0.83125 0.4796875 0.0375 0.0359375
1 0.4078125 0.5734375 0.059375 0.05