1 0.571875 0.6921875 0.04375 0.053125
1 0.26875 0.8046875 0.0453125 0.040625
1 0.334375 0.8140625 0.0671875 0.0484375
1 0.29375 0.696875 0.0359375 0.034375
1 0.3890625 0.7671875 0.040625 0.04375
1 0.546875 0.7328125 0.0421875 0.05625
1 0.8421875 0.6171875 0.0359375 0.034375
1 0.1890625 0.25625 0.1171875 0.0875
1 0.025 0.2375 0.046875 0.034375
1 0.6390625 0.6453125 0.0921875 0.096875
1 0.265625 0.321875 0.0984375 0.0671875
1 0.4890625 0.7734375 0.034375 0.040625
1 0.7546875 0.5640625 0.0390625 0.0390625
1 0.703125 0.5734375 0.0625 0.0734375
1 0.746875 0.60625 0.04375 0.046875
1 0.51875 0.7515625 0.04375 0.053125
1 0.83125 0.6609375 0.06875 0.0703125
1 0.265625 0.5765625 0.0640625 0.0421875
1 0.0609375 0.634375 0.0421875 0.0515625
1 0.1390625 0.421875 0.06875 0.04375
1 0.0984375 0.4484375 0.059375 0.040625
1 0.803125 0.715625 0.084375 0.09375
1 0.1640625 0.3734375 0.0515625 0.0484375
1 0.1703125 0.65 0.115625 0.1046875
1 0.203125 0.84375 0.1109375 0.0625
1 0.36875 0.790625 0.0296875 0.053125
1 0.3203125 0.70625 0.0390625 0.0609375
1 0.16875 0.73125 0.071875 0.046875
1 0.0828125 0.5453125 0.0671875 0.0390625
1 0.43125 0.73125 0.0546875 0.0890625
1 0.6 0.8265625 0.0625 0.075
1 0.3 0.45 0.0953125 0.0765625
1 0.053125 0.5796875 0.05625 0.04375
1 0.7125 0.73125 0.096875 0.1203125
1 0.534375 0.665625 0.040625 0.0328125
1 0.5359375 0.846875 0.0828125 0.05625
1 0.3359375 0.49375 0.071875 0.0546875
1 0.884375 0.75625 0.1046875 0.090625