1 0.396875 0.70625 0.0875 0.09375
1 0.3796875 0.6421875 0.06875 0.078125
1 0.275 0.70625 0.084375 0.1
1 0.6921875 0.690625 0.06875 0.0921875
1 0.2734375 0.7765625 0.1234375 0.075
1 0.2125 0.575 0.0828125 0.10625
1 0.7328125 0.75 0.071875 0.1109375
1 0.3359375 0.1953125 0.0734375 0.059375
1 0.44375 0.7265625 0.0609375 0.0953125
1 0.3609375 0.6875 0.0375 0.053125
1 0.44375 0.6296875 0.034375 0.0546875
1 0.390625 0.328125 0.075 0.0765625
1 0.6296875 0.8390625 0.0828125 0.06875
1 0.3234375 0.4703125 0.0890625 0.090625
1 0.5390625 0.6 0.0640625 0.0703125
1 0.0609375 0.4296875 0.0984375 0.0609375
1 0.2578125 0.178125 0.078125 0.0765625
1 0.4453125 0.275 0.05625 0.0546875
1 0.34375 0.59375 0.053125 0.040625
1 0.2046875 0.16875 0.0703125 0.065625
1 0.240625 0.6765625 0.059375 0.0671875
1 0.3 0.6546875 0.0390625 0.046875
1 0.5078125 0.5734375 0.0453125 0.053125
1 0.359375 0.6140625 0.0375 0.0359375
1 0.4453125 0.8015625 0.03125 0.0421875
1 0.775 0.653125 0.0828125 0.06875