1 0.9140625 0.5453125 0.1328125 0.1609375
1 0.7953125 0.4640625 0.1453125 0.1484375
1 0.825 0.3359375 0.1234375 0.1375
1 0.575 0.55625 0.1546875 0.1515625
1 0.659375 0.484375 0.11875 0.140625
1 0.9453125 0.3703125 0.1078125 0.1609375
1 0.2796875 0.7296875 0.1890625 0.153125
1 0.2359375 0.575 0.1453125 0.165625
1 0.45625 0.4078125 0.153125 0.15625
1 0.30625 0.428125 0.1515625 0.1703125
1 0.40625 0.6015625 0.171875 0.159375
1 0.8484375 0.6828125 0.1625 0.10625
1 0.0703125 0.3140625 0.0859375 0.109375
1 0.1046875 0.4484375 0.1375 0.16875
1 0.7875 0.5921875 0.11875 0.125
1 0.2359375 0.8234375 0.1578125 0.1765625
1 0.1875 0.7609375 0.0765625 0.0796875
1 0.7671875 0.775 0.1640625 0.15
1 0.91875 0.78125 0.1390625 0.1796875
1 0.06875 0.5625 0.1359375 0.125
1 0.675 0.6734375 0.175 0.1453125
1 0.1828125 0.321875 0.14375 0.1515625
1 0.3953125 0.8546875 0.1421875 0.15
1 0.596875 0.7984375 0.146875 0.13125
1 0.4734375 0.678125 0.15625 0.153125
1 0.05625 0.8203125 0.1125 0.15
1 0.5984375 0.890625 0.146875 0.1
1 0.9140625 0.190625 0.0953125 0.1234375
1 0.8609375 0.884375 0.15 0.1109375
1 0.4796875 0.890625 0.146875 0.096875