1 0.221875 0.515625 0.13125 0.1375
1 0.2625 0.603125 0.134375 0.184375
1 0.409375 0.5015625 0.1734375 0.140625
1 0.5171875 0.4015625 0.171875 0.15
1 0.771875 0.359375 0.1984375 0.15
1 0.4859375 0.6375 0.1625 0.1953125
1 0.7453125 0.678125 0.1640625 0.134375
1 0.1703125 0.29375 0.134375 0.121875
1 0.2296875 0.3828125 0.1078125 0.1171875
1 0.31875 0.321875 0.11875 0.140625
1 0.41875 0.7828125 0.1140625 0.128125
1 0.821875 0.2359375 0.10625 0.1296875
1 0.25 0.81875 0.1125 0.0578125
1 0.121875 0.6078125 0.103125 0.14375
1 0.8390625 0.590625 0.115625 0.0734375
1 0.1296875 0.45 0.1296875 0.1609375
1 0.1765625 0.6703125 0.0921875 0.1296875
1 0.05 0.375 0.0984375 0.0875
1 0.803125 0.4828125 0.121875 0.10625
1 0.6875 0.53125 0.1828125 0.1609375
1 0.8796875 0.528125 0.128125 0.1109375
1 0.484375 0.303125 0.1671875 0.1234375
1 0.140625 0.7921875 0.13125 0.115625
1 0.228125 0.209375 0.1390625 0.115625
1 0.934375 0.3484375 0.13125 0.1015625
1 0.6078125 0.6796875 0.10625 0.103125
1 0.5765625 0.571875 0.1265625 0.1421875
1 0.36875 0.1953125 0.140625 0.0875
1 0.0484375 0.5046875 0.096875 0.1734375
1 0.040625 0.6828125 0.0796875 0.1671875
1 0.3953125 0.38125 0.103125 0.1046875
1 0.5640625 0.221875 0.1875 0.13125
1 0.7 0.3984375 0.125 0.1109375
1 0.3546875 0.6390625 0.1125 0.153125
1 0.71875 0.2265625 0.1265625 0.1453125
1 0.0984375 0.2859375 0.0828125 0.1375
1 0.959375 0.4953125 0.078125 0.0890625
1 0.3359375 0.7984375 0.071875 0.096875
1 0.03125 0.2890625 0.0625 0.109375
1 0.690625 0.78125 0.11875 0.103125
1 0.93125 0.2453125 0.11875 0.1109375
1 0.6 0.7484375 0.1328125 0.1078125