1 0.753125 0.66875 0.1421875 0.146875
1 0.4984375 0.1890625 0.2 0.140625
1 0.6078125 0.58125 0.1484375 0.121875
1 0.490625 0.3453125 0.18125 0.1890625
1 0.7953125 0.775 0.1171875 0.13125
1 0.5390625 0.490625 0.1296875 0.115625
1 0.7453125 0.28125 0.1390625 0.1234375
1 0.8015625 0.459375 0.153125 0.171875
1 0.5671875 0.6953125 0.1515625 0.1765625
1 0.19375 0.65625 0.184375 0.1984375
1 0.7375 0.8953125 0.1421875 0.14375
1 0.846875 0.228125 0.1015625 0.121875
1 0.665625 0.1578125 0.13125 0.184375
1 0.525 0.909375 0.121875 0.146875
1 0.36875 0.41875 0.2078125 0.2046875
1 0.3921875 0.88125 0.1796875 0.16875
1 0.434375 0.75 0.1359375 0.1609375
1 0.4140625 0.609375 0.203125 0.1390625
1 0.1953125 0.8609375 0.1890625 0.19375
1 0.7203125 0.059375 0.14375 0.11875
1 0.6484375 0.8375 0.1578125 0.1859375
2 0.3359375 0.240625 0.20625 0.1484375
2 0.24375 0.109375 0.1796875 0.178125