1 0.521875 0.7828125 0.140625 0.1703125
1 0.459375 0.5765625 0.1109375 0.1328125
1 0.4015625 0.3890625 0.121875 0.1296875
1 0.3640625 0.83125 0.140625 0.090625
1 0.6671875 0.6828125 0.1828125 0.1328125
1 0.7328125 0.7953125 0.2203125 0.1890625
1 0.803125 0.5859375 0.078125 0.0640625
1 0.3921875 0.7234375 0.1703125 0.15
1 0.328125 0.6484375 0.1609375 0.1296875
1 0.2640625 0.871875 0.0859375 0.0921875
1 0.2390625 0.7875 0.0625 0.1046875
1 0.3515625 0.925 0.1375 0.103125
1 0.703125 0.9375 0.1765625 0.125
1 0.5375 0.284375 0.1625 0.11875
1 0.2734375 0.7546875 0.0890625 0.096875
1 0.5328125 0.6375 0.1125 0.1234375
1 0.2421875 0.5921875 0.0984375 0.075
1 0.178125 0.8171875 0.10625 0.11875
1 0.20625 0.6875 0.1109375 0.1140625
1 0.528125 0.0921875 0.1140625 0.09375
1 0.459375 0.4796875 0.075 0.065625
1 0.678125 0.3171875 0.1296875 0.0859375
1 0.54375 0.534375 0.0765625 0.0890625
1 0.459375 0.878125 0.0921875 0.0953125
1 0.2015625 0.934375 0.1515625 0.128125
1 0.8078125 0.71875 0.125 0.134375
1 0.6140625 0.234375 0.0734375 0.0765625
1 0.15 0.7421875 0.0515625 0.0890625
1 0.290625 0.2609375 0.0609375 0.059375
1 0.728125 0.4140625 0.05625 0.0484375
1 0.1671875 0.390625 0.084375 0.109375
1 0.34375 0.1984375 0.1296875 0.0921875
1 0.684375 0.43125 0.0796875 0.071875
1 0.1625 0.6 0.078125 0.1046875
1 0.5125 0.4265625 0.065625 0.0640625
1 0.2203125 0.234375 0.103125 0.10625
1 0.6984375 0.1890625 0.128125 0.0765625
1 0.61875 0.3703125 0.1375 0.090625
1 0.69375 0.0578125 0.109375 0.1140625
1 0.609375 0.4390625 0.1109375 0.0703125
1 0.7125 0.1453125 0.1109375 0.0609375
1 0.1640625 0.290625 0.0796875 0.0890625
1 0.36875 0.515625 0.0984375 0.1140625
1 0.834375 0.64375 0.078125 0.15
1 0.3953125 0.228125 0.1265625 0.10625
1 0.553125 0.9265625 0.1875 0.146875
1 0.6328125 0.5453125 0.19375 0.1828125
1 0.3078125 0.425 0.084375 0.0875
1 0.8078125 0.25 0.13125 0.140625
1 0.23125 0.3203125 0.053125 0.0515625
1 0.60625 0.0859375 0.075 0.053125
1 0.35625 0.059375 0.11875 0.096875
1 0.221875 0.4 0.1046875 0.125
1 0.765625 0.075 0.09375 0.103125
1 0.6828125 0.2421875 0.1 0.08125
1 0.465625 0.678125 0.0734375 0.0640625
1 0.525 0.021875 0.0609375 0.0421875
1 0.5734375 0.1515625 0.1625 0.1171875
1 0.3203125 0.315625 0.159375 0.1265625
1 0.4640625 0.3125 0.109375 0.1
1 0.24375 0.1375 0.1390625 0.1015625
1 0.459375 0.04375 0.1109375 0.0875
1 0.1515625 0.6765625 0.05625 0.0703125
1 0.8296875 0.4125 0.0921875 0.1265625
1 0.3984375 0.128125 0.1515625 0.0828125
1 0.171875 0.140625 0.0515625 0.05
1 0.80625 0.140625 0.0859375 0.078125
1 0.3125 0.55 0.06875 0.0765625
1 0.8484375 0.51875 0.0453125 0.09375
1 0.1578125 0.1703125 0.0671875 0.0953125
1 0.5359375 0.475 0.05625 0.046875
1 0.2671875 0.48125 0.0875 0.0828125
1 0.221875 0.0515625 0.11875 0.084375
1 0.4640625 0.196875 0.0828125 0.0734375
1 0.5953125 0.7390625 0.06875 0.0765625
1 0.6140625 0.03125 0.0953125 0.0625
1 0.2734375 0.0265625 0.0921875 0.05
1 0.1484375 0.0890625 0.0484375 0.0640625
1 0.1484375 0.4203125 0.0484375 0.0515625
1 0.146875 0.0390625 0.0453125 0.065625
1 0.14375 0.2375 0.040625 0.0609375
1 0.228125 0.5359375 0.0984375 0.065625
1 0.478125 0.965625 0.0703125 0.06875
1 0.3453125 0.753125 0.0765625 0.0859375
1 0.1359375 0.903125 0.0234375 0.0359375