1 0.5719063546875 0.5866429765625 0.6086956515625 0.5230978265624999 0.59197324375 0.44951923125000004 0.565217390625 0.42610785937499995 0.5250836125 0.422763378125 0.501672240625 0.4327968234375 0.47157190625 0.476275084375 0.47157190625 0.5297867890625 0.4916387953125 0.5632316046875 0.551839465625 0.5933319390625 0.5719063546875 0.5866429765625
1 0.799331103125 0.57326505 0.82608695625 0.5264423078125 0.82608695625 0.476275084375 0.8093645484374999 0.44283026718749996 0.7792642140625 0.419418896875 0.735785953125 0.4127299328125 0.6956521734375001 0.4528637125 0.6923076921875 0.5030309359375 0.7157190640625 0.5531981609375001 0.7759197328125 0.5799540140625 0.799331103125 0.57326505
1 0.381270903125 0.5531981609375001 0.39464882968750004 0.4929974921875 0.3645484953125 0.44283026718749996 0.3110367890625 0.44283026718749996 0.2742474921875 0.489653009375 0.270903009375 0.5364757531250001 0.3076923078125 0.5866429765625 0.3377926421875 0.5899874578125 0.381270903125 0.5531981609375001
1 0.9966555187499999 0.7304556859375 0.9799331109375 0.6836329437499999 0.93645485 0.6468436453125 0.8963210703125 0.6468436453125 0.8795986625 0.663566053125 0.8695652171875 0.723766721875 0.88963210625 0.773933946875 0.9866220734375 0.777278428125 0.9966555187499999 0.7304556859375
1 0.2508361203125 0.6702550171875 0.2207357859375 0.6735994984375 0.17391304375 0.7003553515625 0.15050167187500002 0.7404891296875 0.147157190625 0.777278428125 0.2742474921875 0.777278428125 0.2809364546875 0.7036998328124999 0.2508361203125 0.6702550171875
1 0.5351170562500001 0.6735994984375 0.4916387953125 0.6802884609375 0.4615384609375 0.717077759375 0.4581939796875 0.777278428125 0.561872909375 0.777278428125 0.565217390625 0.720422240625 0.5351170562500001 0.6735994984375
1 0.23076923124999998 0.33246237500000003 0.23076923124999998 0.2756061875 0.2140468234375 0.248850334375 0.1906354515625 0.245505853125 0.15050167187500002 0.2956730765625 0.15050167187500002 0.3558737453125 0.177257525 0.39266304375 0.1939799328125 0.3893185625 0.23076923124999998 0.33246237500000003
1 0.916387959375 0.2689172234375 0.9264214046875001 0.22209448125 0.8327759203125 0.21875 0.8227424750000001 0.24216137187500003 0.8227424750000001 0.309051003125 0.8294314375 0.3257734109375 0.852842809375 0.33246237500000003 0.916387959375 0.2689172234375
1 0.377926421875 0.2689172234375 0.40802675624999996 0.309051003125 0.444816053125 0.312395484375 0.4749163875 0.2923285953125 0.4782608703125 0.245505853125 0.4615384609375 0.21875 0.39464882968750004 0.21875 0.377926421875 0.23547240781249998 0.377926421875 0.2689172234375
1 0.622073578125 0.302362040625 0.64882943125 0.3257734109375 0.6688963203125 0.3224289296875 0.70568561875 0.27226170625 0.7090301 0.21875 0.6287625421875 0.21875 0.618729096875 0.23212792656249998 0.622073578125 0.302362040625
1 0.6989966562500001 0.6836329437499999 0.672240803125 0.6970108703125 0.6521739125 0.7371446484375 0.6521739125 0.777278428125 0.735785953125 0.777278428125 0.732441471875 0.7371446484375 0.6989966562500001 0.6836329437499999