1 0.3 0.615625 0.0515625 0.0375
1 0.421875 0.5484375 0.103125 0.071875
1 0.84375 0.48125 0.0375 0.0875
1 0.453125 0.6328125 0.046875 0.04375
1 0.33125 0.753125 0.0375 0.04375
1 0.621875 0.66875 0.0421875 0.0265625
1 0.39375 0.51875 0.0484375 0.053125
1 0.284375 0.6546875 0.0515625 0.046875
1 0.3265625 0.71875 0.0375 0.040625
1 0.2734375 0.69375 0.046875 0.0515625
1 0.2015625 0.40625 0.075 0.0828125
1 0.515625 0.7265625 0.0421875 0.0484375
1 0.234375 0.5 0.0765625 0.0796875
1 0.2875 0.575 0.0390625 0.034375
1 0.3890625 0.70625 0.0703125 0.078125
1 0.403125 0.8453125 0.034375 0.0515625
1 0.7515625 0.4 0.059375 0.05625
1 0.19375 0.7875 0.0671875 0.0796875
1 0.4359375 0.7234375 0.071875 0.090625
1 0.75625 0.3203125 0.053125 0.0390625
1 0.6859375 0.521875 0.0359375 0.0515625
1 0.7046875 0.4609375 0.0734375 0.0828125
1 0.521875 0.6796875 0.0359375 0.0359375
1 0.7390625 0.528125 0.075 0.075
1 0.6234375 0.696875 0.0375 0.0359375
1 0.5671875 0.8328125 0.05625 0.071875
1 0.6859375 0.5875 0.0328125 0.0421875
1 0.3625 0.775 0.0421875 0.034375
1 0.09375 0.615625 0.034375 0.0328125
1 0.053125 0.5015625 0.08125 0.0703125
1 0.60625 0.4546875 0.0421875 0.0421875
1 0.740625 0.3796875 0.0390625 0.0328125
1 0.4 0.80625 0.0359375 0.0390625
1 0.575 0.759375 0.0359375 0.03125
1 0.3140625 0.4890625 0.0609375 0.0703125
1 0.7 0.3828125 0.0484375 0.0546875
1 0.384375 0.6296875 0.0546875 0.0703125
1 0.8328125 0.3640625 0.0734375 0.05
1 0.61875 0.7265625 0.0421875 0.040625
1 0.959375 0.4359375 0.078125 0.0921875
1 0.9578125 0.315625 0.0765625 0.059375
1 0.1359375 0.4640625 0.0859375 0.05625
1 0.7015625 0.78125 0.0359375 0.05
1 0.8890625 0.2609375 0.078125 0.065625
1 0.9640625 0.3671875 0.0703125 0.0546875
1 0.6 0.56875 0.0359375 0.0484375
1 0.8984375 0.4453125 0.078125 0.0734375
1 0.1359375 0.771875 0.065625 0.109375
1 0.8359375 0.290625 0.071875 0.0453125
1 0.8328125 0.5921875 0.096875 0.1078125
1 0.159375 0.3765625 0.0515625 0.040625
1 0.8796875 0.8359375 0.0640625 0.078125
1 0.771875 0.8609375 0.034375 0.028125
1 0.4671875 0.84375 0.0796875 0.0625
1 0.903125 0.3859375 0.084375 0.06875
1 0.95 0.6046875 0.0765625 0.1234375
1 0.0453125 0.8390625 0.071875 0.06875
1 0.034375 0.6484375 0.0640625 0.1
1 0.8265625 0.4078125 0.071875 0.0671875
1 0.4296875 0.3078125 0.0328125 0.046875
1 0.2875 0.8328125 0.0734375 0.0796875
1 0.325 0.6453125 0.03125 0.046875
1 0.103125 0.559375 0.053125 0.053125
1 0.325 0.3671875 0.0578125 0.046875
1 0.584375 0.615625 0.0203125 0.028125
1 0.175 0.6046875 0.05 0.04375
1 0.7875 0.671875 0.0484375 0.040625
1 0.0546875 0.7875 0.0515625 0.053125
1 0.159375 0.728125 0.0484375 0.05625
1 0.9015625 0.6421875 0.0828125 0.1046875
1 0.86875 0.7328125 0.1015625 0.11875
1 0.0796875 0.6515625 0.059375 0.071875
1 0.6671875 0.83125 0.046875 0.0421875
1 0.03125 0.7671875 0.05 0.0484375
1 0.853125 0.684375 0.0703125 0.0609375
1 0.6875 0.7109375 0.0453125 0.053125
1 0.91875 0.321875 0.0421875 0.0359375
1 0.4375 0.83125 0.0453125 0.0546875
1 0.2375 0.35625 0.0421875 0.0453125
1 0.0734375 0.7171875 0.0875 0.0765625
1 0.0203125 0.434375 0.0390625 0.0484375
1 0.1609375 0.5109375 0.0828125 0.090625
1 0.009375 0.8421875 0.015625 0.0671875
1 0.83125 0.8296875 0.05625 0.090625
1 0.9609375 0.5484375 0.078125 0.0828125
1 0.1671875 0.434375 0.0453125 0.0375
1 0.79375 0.4671875 0.0796875 0.0796875
1 0.8 0.3328125 0.0265625 0.0265625
1 0.48125 0.778125 0.046875 0.053125
1 0.6796875 0.3984375 0.0390625 0.0375
1 0.809375 0.365625 0.0375 0.028125
1 0.5375 0.6734375 0.075 0.0765625
1 0.4109375 0.765625 0.065625 0.0671875
1 0.559375 0.546875 0.05625 0.075
1 0.5125 0.7984375 0.0828125 0.109375
1 0.8984375 0.565625 0.0375 0.059375
1 0.334375 0.3375 0.0625 0.0609375
1 0.4890625 0.6796875 0.053125 0.08125