1 0.6046875 0.4484375 0.1640625 0.159375
1 0.4359375 0.4625 0.146875 0.1578125
1 0.2515625 0.621875 0.1515625 0.146875
1 0.2421875 0.80625 0.16875 0.178125
1 0.6640625 0.728125 0.15 0.1625
1 0.5484375 0.6265625 0.1515625 0.18125
1 0.3671875 0.8 0.1390625 0.128125
1 0.7140625 0.56875 0.1875 0.1484375
1 0.3421875 0.2359375 0.146875 0.146875
1 0.1484375 0.4671875 0.159375 0.140625
1 0.203125 0.2078125 0.1515625 0.1421875
1 0.41875 0.334375 0.128125 0.134375
1 0.4046875 0.125 0.14375 0.1234375
1 0.5234375 0.790625 0.184375 0.1390625