1 0.9265625 0.671875 0.0359375 0.034375
1 0.43125 0.6984375 0.046875 0.05
1 0.203125 0.7984375 0.0859375 0.1203125
1 0.271875 0.721875 0.0453125 0.05
1 0.4953125 0.7109375 0.05625 0.09375
1 0.728125 0.7484375 0.0421875 0.05
1 0.71875 0.6984375 0.05625 0.05625
1 0.8859375 0.625 0.03125 0.0375
1 0.721875 0.6078125 0.0453125 0.040625
1 0.7046875 0.6515625 0.0515625 0.0421875
1 0.35 0.7109375 0.04375 0.0375
1 0.3953125 0.7890625 0.040625 0.0390625
1 0.665625 0.7671875 0.0390625 0.0484375
1 0.13125 0.44375 0.05 0.0984375
1 0.7875 0.5234375 0.0828125 0.0921875
1 0.353125 0.6828125 0.046875 0.034375
1 0.553125 0.559375 0.0625 0.0640625
1 0.1015625 0.1890625 0.084375 0.075
1 0.70625 0.503125 0.06875 0.0859375
1 0.659375 0.8046875 0.0375 0.046875
1 0.6 0.746875 0.0734375 0.1046875
1 0.55 0.7640625 0.0859375 0.109375
1 0.2515625 0.3390625 0.0484375 0.0375
1 0.559375 0.228125 0.059375 0.0765625
1 0.19375 0.278125 0.03125 0.0328125
1 0.35 0.7453125 0.046875 0.0578125
1 0.059375 0.8390625 0.0734375 0.071875
1 0.115625 0.83125 0.0640625 0.084375
1 0.434375 0.5453125 0.05625 0.0828125
1 0.084375 0.725 0.115625 0.1453125
1 0.9359375 0.7921875 0.0921875 0.084375
1 0.2984375 0.50625 0.040625 0.05625
1 0.29375 0.6171875 0.028125 0.040625
1 0.8578125 0.721875 0.10625 0.1046875
1 0.18125 0.5078125 0.034375 0.03125
1 0.6015625 0.559375 0.071875 0.0703125
1 0.7921875 0.3609375 0.040625 0.0578125
1 0.5375 0.6578125 0.0484375 0.0546875
1 0.1421875 0.2984375 0.065625 0.04375
1 0.765625 0.25625 0.0703125 0.103125
1 0.4953125 0.8203125 0.0484375 0.065625
1 0.165625 0.465625 0.0484375 0.0546875
1 0.8265625 0.4234375 0.084375 0.0890625
1 0.078125 0.325 0.0890625 0.08125
1 0.4640625 0.7578125 0.04375 0.0609375
1 0.5921875 0.284375 0.0265625 0.0421875
1 0.3890625 0.440625 0.0546875 0.0578125
1 0.0765625 0.396875 0.0875 0.0890625
1 0.1734375 0.66875 0.053125 0.0453125
1 0.15625 0.3609375 0.08125 0.075
1 0.953125 0.621875 0.09375 0.078125
1 0.94375 0.5625 0.034375 0.0296875
1 0.0328125 0.240625 0.065625 0.071875
1 0.240625 0.271875 0.0546875 0.05
1 0.303125 0.3421875 0.065625 0.071875
1 0.165625 0.3140625 0.06875 0.0484375
1 0.8625 0.8296875 0.0640625 0.0890625
1 0.0234375 0.48125 0.046875 0.0546875
1 0.61875 0.5296875 0.0375 0.0484375
1 0.3171875 0.7828125 0.0953125 0.115625
1 0.6140625 0.6609375 0.065625 0.0859375
1 0.240625 0.365625 0.0578125 0.0578125
1 0.0296875 0.428125 0.059375 0.078125
1 0.9234375 0.6 0.05 0.046875
1 0.0265625 0.3734375 0.0515625 0.0796875
1 0.0875 0.290625 0.05 0.040625
1 0.159375 0.225 0.071875 0.05625
1 0.3734375 0.6140625 0.0390625 0.065625
1 0.3953125 0.8390625 0.06875 0.0703125
1 0.58125 0.8546875 0.0390625 0.0375
1 0.565625 0.6140625 0.040625 0.0359375
1 0.028125 0.3078125 0.0546875 0.065625
1 0.796875 0.8421875 0.08125 0.0625
1 0.9640625 0.3515625 0.071875 0.0953125
1 0.775 0.1734375 0.04375 0.0625
1 0.675 0.246875 0.0546875 0.075
1 0.9765625 0.7203125 0.046875 0.1203125
1 0.465625 0.603125 0.0390625 0.0484375
1 0.2703125 0.415625 0.0515625 0.0515625
1 0.0234375 0.5671875 0.046875 0.1171875
1 0.465625 0.63125 0.05625 0.06875
1 0.971875 0.55 0.0546875 0.0734375
1 0.9515625 0.4578125 0.0890625 0.084375
1 0.953125 0.7234375 0.028125 0.046875
1 0.08125 0.5359375 0.0328125 0.0546875
1 0.053125 0.803125 0.0328125 0.03125
1 0.20625 0.621875 0.0609375 0.084375
1 0.5359375 0.8640625 0.046875 0.0234375
1 0.2078125 0.25625 0.0359375 0.0359375
1 0.50625 0.7703125 0.05 0.0640625
1 0.053125 0.6234375 0.0890625 0.115625
1 0.978125 0.85 0.0421875 0.05
1 0.396875 0.56875 0.0328125 0.0453125
1 0.69375 0.865625 0.053125 0.0203125
1 0.6828125 0.296875 0.0546875 0.0640625
1 0.0078125 0.6625 0.015625 0.053125
1 0.3609375 0.2671875 0.0484375 0.0375
1 0.7015625 0.36875 0.059375 0.04375
1 0.6765625 0.6828125 0.0375 0.059375
1 0.384375 0.3015625 0.0296875 0.0421875
1 0.5359375 0.4625 0.046875 0.1234375
1 0.628125 0.859375 0.0671875 0.03125
1 0.7484375 0.246875 0.034375 0.04375
1 0.040625 0.1953125 0.0484375 0.04375
1 0.690625 0.7515625 0.040625 0.096875
1 0.6578125 0.1515625 0.1953125 0.0515625