1 0.253125 0.4734375 0.2078125 0.184375
1 0.428125 0.44375 0.18125 0.190625
1 0.5046875 0.63125 0.221875 0.240625
1 0.8859375 0.3765625 0.165625 0.1640625
1 0.7140625 0.6828125 0.1890625 0.1609375
1 0.3203125 0.2140625 0.1578125 0.1234375
1 0.571875 0.2359375 0.18125 0.14375
1 0.73125 0.4625 0.2078125 0.16875
1 0.1234375 0.221875 0.18125 0.1390625
1 0.846875 0.53125 0.134375 0.1671875
1 0.621875 0.353125 0.2078125 0.178125
1 0.728125 0.2125 0.146875 0.121875
1 0.2 0.3703125 0.15 0.2171875
1 0.33125 0.3328125 0.1203125 0.1375
1 0.465625 0.784375 0.15 0.1296875
1 0.7421875 0.3265625 0.1625 0.1375
1 0.2765625 0.7421875 0.15625 0.2109375
1 0.0734375 0.721875 0.146875 0.2484375
1 0.753125 0.6078125 0.1390625 0.1390625
1 0.934375 0.3078125 0.1125 0.096875
1 0.7375 0.8 0.1828125 0.0953125
1 0.29375 0.628125 0.1328125 0.121875
1 0.03125 0.5828125 0.0625 0.1875
1 0.440625 0.325 0.1453125 0.15625
1 0.4390625 0.1921875 0.14375 0.0796875