1 0.45625 0.2953125 0.1203125 0.1078125
1 0.2640625 0.296875 0.15 0.1375
1 0.64375 0.6375 0.140625 0.1265625
1 0.2 0.6 0.121875 0.125
1 0.8 0.33125 0.1484375 0.159375
1 0.70625 0.546875 0.1984375 0.1609375
1 0.375 0.546875 0.121875 0.1625
1 0.575 0.478125 0.134375 0.1671875
1 0.478125 0.5796875 0.15 0.1609375
1 0.13125 0.596875 0.1125 0.159375
1 0.7453125 0.2421875 0.1421875 0.090625
1 0.2453125 0.434375 0.15 0.153125
1 0.39375 0.38125 0.1515625 0.121875
1 0.696875 0.1921875 0.1421875 0.08125
1 0.0578125 0.5171875 0.1140625 0.109375
1 0.86875 0.2109375 0.1375 0.11875
1 0.590625 0.2859375 0.146875 0.1359375
1 0.675 0.325 0.18125 0.1328125
1 0.709375 0.4203125 0.153125 0.1140625
1 0.9125 0.3140625 0.10625 0.11875
1 0.0421875 0.7109375 0.071875 0.0671875
1 0.20625 0.49375 0.078125 0.0875
1 0.8546875 0.7546875 0.1 0.115625
1 0.7734375 0.6671875 0.15 0.1125
1 0.45625 0.4578125 0.1140625 0.096875
1 0.1828125 0.721875 0.165625 0.134375
1 0.60625 0.75 0.165625 0.184375
1 0.8734375 0.4765625 0.159375 0.1171875
1 0.521875 0.203125 0.1625 0.1015625
1 0.10625 0.4375 0.14375 0.14375
1 0.1328125 0.3171875 0.1140625 0.109375
1 0.3703125 0.23125 0.128125 0.134375
1 0.471875 0.75625 0.1234375 0.1203125
1 0.909375 0.675 0.078125 0.0890625
1 0.296875 0.628125 0.134375 0.1734375
1 0.303125 0.7765625 0.1546875 0.128125
1 0.7515625 0.7859375 0.1375 0.1234375
1 0.034375 0.64375 0.06875 0.0984375
1 0.1265625 0.7828125 0.11875 0.0984375
1 0.88125 0.4 0.140625 0.0828125
1 0.0265625 0.4140625 0.0515625 0.0984375
1 0.05 0.7890625 0.096875 0.1125
1 0.5546875 0.8265625 0.103125 0.046875
1 0.3640625 0.175 0.13125 0.0453125
1 0.9515625 0.565625 0.096875 0.1296875