1 0.4453125 0.6046875 0.0984375 0.0796875
1 0.4515625 0.5515625 0.053125 0.0453125
1 0.815625 0.3859375 0.059375 0.125
1 0.68125 0.2359375 0.0390625 0.078125
1 0.496875 0.5703125 0.05 0.0453125
1 0.79375 0.3234375 0.0828125 0.059375
1 0.596875 0.4140625 0.0453125 0.071875
1 0.4078125 0.5734375 0.065625 0.0546875
1 0.653125 0.296875 0.0359375 0.071875
1 0.3828125 0.55 0.046875 0.040625
1 0.365625 0.6109375 0.0625 0.071875
1 0.225 0.178125 0.159375 0.040625
1 0.55625 0.1890625 0.0421875 0.0921875
1 0.78125 0.2796875 0.0859375 0.040625
1 0.090625 0.2375 0.1265625 0.046875
1 0.234375 0.2546875 0.190625 0.0421875
1 0.6421875 0.215625 0.0359375 0.046875
1 0.7625 0.425 0.071875 0.0390625
1 0.4921875 0.4421875 0.0484375 0.075
1 0.6671875 0.1765625 0.034375 0.053125
1 0.559375 0.521875 0.0453125 0.0828125
1 0.875 0.2328125 0.0421875 0.0828125
1 0.5296875 0.4703125 0.034375 0.0484375
1 0.140625 0.203125 0.125 0.0515625
1 0.5171875 0.534375 0.0484375 0.0671875
1 0.378125 0.684375 0.0796875 0.0703125
1 0.8421875 0.5140625 0.0734375 0.046875
1 0.4359375 0.1671875 0.0421875 0.0828125
1 0.6171875 0.253125 0.0359375 0.0453125
1 0.51875 0.6 0.0484375 0.0765625
1 0.915625 0.2375 0.0546875 0.075
1 0.2203125 0.415625 0.2046875 0.0609375