1 0.6390625 0.265625 0.0421875 0.0765625
1 0.4078125 0.65 0.0421875 0.0390625
1 0.6453125 0.3234375 0.0328125 0.0453125
1 0.64375 0.2078125 0.034375 0.0515625
1 0.6 0.51875 0.0390625 0.06875
1 0.678125 0.2046875 0.034375 0.053125
1 0.775 0.384375 0.0859375 0.0390625
1 0.6203125 0.3609375 0.0359375 0.0484375
1 0.565625 0.396875 0.040625 0.0515625
1 0.828125 0.6203125 0.0671875 0.0515625
1 0.5703125 0.6265625 0.0421875 0.0828125
1 0.3953125 0.709375 0.0578125 0.0671875
1 0.5671875 0.2984375 0.040625 0.0921875
1 0.4640625 0.7078125 0.0875 0.078125
1 0.71875 0.1921875 0.046875 0.0609375
1 0.753125 0.528125 0.0671875 0.040625
1 0.4015625 0.3953125 0.0765625 0.1359375
1 0.4640625 0.271875 0.0375 0.0984375
1 0.5125 0.66875 0.0390625 0.0375
1 0.60625 0.2953125 0.040625 0.0921875
1 0.703125 0.24375 0.0875 0.053125
1 0.840625 0.4375 0.0359375 0.04375
1 0.8046875 0.4921875 0.05625 0.121875
1 0.4296875 0.6734375 0.0578125 0.053125
1 0.5109375 0.5453125 0.0453125 0.071875
1 0.46875 0.653125 0.05 0.0421875
1 0.4046875 0.784375 0.0703125 0.0734375
1 0.540625 0.5734375 0.0328125 0.0484375
1 0.6546875 0.8015625 0.059375 0.040625
1 0.66875 0.284375 0.034375 0.0546875
1 0.859375 0.3359375 0.0390625 0.0875
1 0.5140625 0.5921875 0.0359375 0.0515625
1 0.5 0.228125 0.040625 0.0640625
1 0.68125 0.3421875 0.0375 0.071875
1 0.675 0.5921875 0.0640625 0.040625
1 0.4078125 0.8296875 0.0890625 0.0546875
1 0.5296875 0.7046875 0.0453125 0.0765625
1 0.771875 0.3390625 0.078125 0.04375
1 0.7859375 0.28125 0.05 0.078125
1 0.6703125 0.7671875 0.0359375 0.0390625
1 0.8265625 0.2484375 0.0421875 0.059375
1 0.871875 0.26875 0.0578125 0.0734375
1 0.828125 0.3421875 0.0328125 0.0578125
1 0.896875 0.85 0.0328125 0.0390625
1 0.9328125 0.284375 0.0765625 0.05
1 0.621875 0.7109375 0.078125 0.0453125
1 0.7265625 0.43125 0.059375 0.0703125
1 0.6125 0.4046875 0.0375 0.078125
1 0.165625 0.35625 0.1 0.04375
1 0.2125 0.321875 0.1078125 0.046875
1 0.828125 0.415625 0.028125 0.040625
1 0.7640625 0.440625 0.040625 0.034375
1 0.26875 0.746875 0.1296875 0.090625
1 0.9390625 0.3484375 0.0390625 0.040625
1 0.528125 0.6375 0.0453125 0.0640625
1 0.3234375 0.4140625 0.0890625 0.0984375