1 0.5703125 0.7140625 0.08125 0.0765625
1 0.6421875 0.759375 0.0375 0.0328125
1 0.675 0.7046875 0.0375 0.0375
1 0.6734375 0.734375 0.034375 0.0390625
1 0.459375 0.6703125 0.0390625 0.0453125
1 0.7109375 0.5640625 0.0390625 0.034375
1 0.515625 0.6765625 0.05625 0.08125
1 0.8578125 0.5609375 0.0296875 0.0296875
1 0.6984375 0.603125 0.0484375 0.034375
1 0.609375 0.7859375 0.0328125 0.0375
1 0.4359375 0.75 0.0359375 0.0296875
1 0.9 0.596875 0.034375 0.028125
1 0.7125 0.6375 0.04375 0.0375
1 0.328125 0.61875 0.0265625 0.0359375
1 0.3234375 0.590625 0.03125 0.0421875
1 0.28125 0.365625 0.028125 0.0296875
1 0.2625 0.39375 0.0375 0.0296875
1 0.73125 0.68125 0.0390625 0.040625
1 0.75625 0.4875 0.0796875 0.071875
1 0.3875 0.6671875 0.0390625 0.025
1 0.265625 0.778125 0.071875 0.0984375
1 0.203125 0.35 0.028125 0.0265625
1 0.496875 0.79375 0.084375 0.0984375
1 0.7953125 0.79375 0.0921875 0.1046875
1 0.30625 0.3921875 0.053125 0.05625
1 0.3875 0.69375 0.0375 0.034375
1 0.5953125 0.540625 0.065625 0.0609375
1 0.7875 0.4 0.071875 0.0765625
1 0.31875 0.5296875 0.028125 0.0375
1 0.9234375 0.69375 0.0875 0.0703125
1 0.25625 0.421875 0.0515625 0.0546875
1 0.55 0.6265625 0.0453125 0.040625
1 0.3640625 0.75625 0.0859375 0.0984375
1 0.2875 0.4578125 0.046875 0.046875
1 0.9578125 0.625 0.065625 0.09375
1 0.140625 0.8359375 0.0609375 0.078125
1 0.5765625 0.8046875 0.034375 0.0359375
1 0.5421875 0.8296875 0.103125 0.0890625
1 0.6125 0.6921875 0.0734375 0.08125
1 0.84375 0.64375 0.1015625 0.0796875
1 0.44375 0.5515625 0.0453125 0.06875
1 0.3921875 0.721875 0.040625 0.04375
1 0.6828125 0.4796875 0.0671875 0.0703125
1 0.4953125 0.7171875 0.0390625 0.046875
1 0.8625 0.746875 0.059375 0.0984375
1 0.7171875 0.809375 0.0671875 0.0765625
1 0.928125 0.5515625 0.1046875 0.0578125
1 0.1765625 0.421875 0.06875 0.0625
1 0.575 0.58125 0.0484375 0.0390625
1 0.15 0.7328125 0.1 0.1234375
1 0.9359375 0.4875 0.0875 0.0671875
1 0.1859375 0.378125 0.0609375 0.0421875
1 0.1921875 0.8265625 0.059375 0.0890625
1 0.2203125 0.48125 0.0796875 0.08125
1 0.1046875 0.4 0.0828125 0.0703125
1 0.8515625 0.4609375 0.0921875 0.06875
1 0.553125 0.54375 0.0515625 0.0546875
1 0.1578125 0.3125 0.0703125 0.0453125
1 0.196875 0.5109375 0.04375 0.040625
1 0.1109375 0.4625 0.078125 0.075
1 0.225 0.678125 0.0421875 0.0375
1 0.890625 0.5375 0.046875 0.040625
1 0.31875 0.7109375 0.034375 0.0359375
1 0.153125 0.375 0.0453125 0.03125
1 0.4234375 0.846875 0.08125 0.05625
1 0.0671875 0.4890625 0.0671875 0.0609375
1 0.925 0.3703125 0.0328125 0.0265625
1 0.8125 0.759375 0.053125 0.06875
1 0.290625 0.853125 0.053125 0.0453125
1 0.9671875 0.7359375 0.046875 0.05
1 0.0671875 0.5390625 0.0421875 0.0390625
1 0.04375 0.390625 0.0671875 0.0546875
1 0.159375 0.6859375 0.0703125 0.0609375
1 0.528125 0.7609375 0.0421875 0.0484375