1 0.4328125 0.209375 0.046875 0.0921875
1 0.5046875 0.4890625 0.0328125 0.0484375
1 0.3890625 0.2390625 0.0359375 0.046875
1 0.365625 0.1984375 0.034375 0.0546875
1 0.4765625 0.209375 0.04375 0.0921875
1 0.584375 0.56875 0.05625 0.046875
1 0.5328125 0.509375 0.0375 0.053125
1 0.396875 0.18125 0.04375 0.0765625
1 0.628125 0.5953125 0.059375 0.0515625
1 0.1890625 0.5328125 0.075 0.0515625
1 0.3625 0.5078125 0.0734375 0.0421875
1 0.2390625 0.346875 0.0796875 0.059375
1 0.55625 0.18125 0.0390625 0.05625
1 0.4171875 0.2734375 0.0390625 0.0453125
1 0.3515625 0.25625 0.040625 0.0765625
1 0.26875 0.446875 0.075 0.0421875
1 0.528125 0.3359375 0.040625 0.0890625
1 0.38125 0.31875 0.034375 0.0703125
1 0.21875 0.4078125 0.059375 0.1265625
1 0.4265625 0.3203125 0.0390625 0.075
1 0.25 0.3 0.0875 0.0390625
1 0.1796875 0.35625 0.040625 0.040625
1 0.584375 0.625 0.0890625 0.078125
1 0.159375 0.253125 0.0421875 0.0875
1 0.5375 0.465625 0.05 0.0703125
1 0.525 0.6265625 0.0484375 0.0703125
1 0.4390625 0.4359375 0.04375 0.075
1 0.6515625 0.5703125 0.0453125 0.0421875
1 0.0453125 0.3953125 0.0796875 0.0515625
1 0.6703125 0.628125 0.0578125 0.0640625
1 0.19375 0.259375 0.0328125 0.0609375
1 0.1453125 0.1859375 0.0609375 0.0765625
1 0.303125 0.3484375 0.065625 0.078125
1 0.4734375 0.54375 0.0453125 0.08125
1 0.0828125 0.203125 0.0734375 0.0515625
1 0.596875 0.1796875 0.040625 0.103125
1 0.515625 0.5515625 0.05 0.0640625
1 0.5359375 0.5921875 0.0453125 0.046875
1 0.0484375 0.2234375 0.0390625 0.078125
1 0.19375 0.1640625 0.04375 0.06875
1 0.2375 0.1984375 0.0515625 0.078125
1 0.1921875 0.33125 0.03125 0.0421875
1 0.5515625 0.146875 0.0453125 0.04375
1 0.1140625 0.2578125 0.0578125 0.0734375
1 0.359375 0.6875 0.0375 0.0359375
1 0.478125 0.3125 0.0453125 0.0546875
1 0.3671875 0.3640625 0.0640625 0.03125
1 0.2515625 0.25625 0.084375 0.04375
1 0.19375 0.225 0.0328125 0.0421875
1 0.321875 0.1578125 0.0953125 0.05
1 0.4109375 0.6328125 0.0921875 0.046875
1 0.6453125 0.7515625 0.08125 0.05625
1 0.04375 0.3 0.040625 0.0453125
1 0.3765625 0.721875 0.0671875 0.0375
1 0.01875 0.2375 0.0359375 0.0625
1 0.671875 0.3015625 0.071875 0.134375
1 0.646875 0.1578125 0.0484375 0.046875
1 0.0734375 0.2671875 0.0390625 0.040625
1 0.890625 0.225 0.1265625 0.0515625
1 0.659375 0.7046875 0.065625 0.0703125
1 0.2734375 0.6796875 0.0921875 0.0484375
1 0.365625 0.790625 0.0640625 0.0859375
1 0.0359375 0.26875 0.0390625 0.04375
1 0.7078125 0.66875 0.040625 0.0890625
1 0.7265625 0.59375 0.0828125 0.0765625
1 0.3921875 0.134375 0.0375 0.01875
1 0.940625 0.2578125 0.11875 0.0453125
1 0.021875 0.1703125 0.0421875 0.0484375
1 0.9609375 0.15625 0.071875 0.05625
1 0.8046875 0.671875 0.1453125 0.0921875
1 0.896875 0.3125 0.1890625 0.0734375
1 0.75 0.7625 0.0453125 0.04375
1 0.0109375 0.2859375 0.021875 0.053125
1 0.7625 0.1515625 0.1109375 0.053125
1 0.1125 0.778125 0.046875 0.071875
1 0.1203125 0.1703125 0.0484375 0.0375
1 0.0703125 0.7890625 0.040625 0.046875
1 0.075 0.828125 0.0671875 0.0390625
1 0.3546875 0.134375 0.0359375 0.0171875
1 0.08125 0.1359375 0.046875 0.0203125
1 0.078125 0.240625 0.0390625 0.034375
1 0.7875 0.721875 0.11875 0.090625
1 0.371875 0.4375 0.05 0.0828125
1 0.0796875 0.340625 0.0390625 0.0515625
1 0.121875 0.134375 0.0390625 0.0171875
1 0.6921875 0.5765625 0.0359375 0.0484375
1 0.8890625 0.1578125 0.0953125 0.065625
1 0.75 0.2875 0.08125 0.0515625
1 0.753125 0.7046875 0.0484375 0.053125
1 0.10625 0.7078125 0.0421875 0.046875
1 0.0984375 0.3765625 0.04375 0.028125
1 0.921875 0.4109375 0.1078125 0.0703125
1 0.9125 0.66875 0.0796875 0.078125
1 0.9125 0.7296875 0.0546875 0.0765625
1 0.6671875 0.1453125 0.0640625 0.0375
1 0.796875 0.8078125 0.11875 0.05
1 0.3140625 0.13125 0.0421875 0.0125
1 0.4734375 0.3859375 0.071875 0.0875
1 0.0578125 0.7375 0.0765625 0.0625
1 0.8 0.196875 0.1734375 0.034375
1 0.8015625 0.271875 0.184375 0.0421875
1 0.8203125 0.4375 0.190625 0.0546875
1 0.70625 0.275 0.0578125 0.071875
1 0.0625 0.559375 0.0703125 0.0828125
1 0.8140625 0.5 0.1828125 0.090625