1 0.4125 0.55 0.0328125 0.053125
1 0.51875 0.3625 0.028125 0.0765625
1 0.3171875 0.3015625 0.034375 0.046875
1 0.3703125 0.4625 0.0234375 0.053125
1 0.3578125 0.371875 0.0265625 0.0421875
1 0.403125 0.4609375 0.028125 0.05625
1 0.09375 0.2625 0.0296875 0.028125
1 0.4390625 0.4578125 0.0328125 0.040625
1 0.3953125 0.4296875 0.0265625 0.034375
1 0.4921875 0.3703125 0.0265625 0.0453125
1 0.40625 0.3796875 0.0328125 0.0703125
1 0.4359375 0.3796875 0.0328125 0.06875
1 0.253125 0.534375 0.04375 0.0890625
1 0.484375 0.575 0.0390625 0.05625
1 0.35 0.3109375 0.028125 0.040625
1 0.475 0.475 0.03125 0.0640625
1 0.3796875 0.35625 0.03125 0.0609375
1 0.3765625 0.4015625 0.028125 0.0375
1 0.3484375 0.415625 0.0296875 0.0625
1 0.3609375 0.746875 0.028125 0.0296875
1 0.440625 0.6375 0.0296875 0.065625
1 0.196875 0.3625 0.046875 0.059375
1 0.375 0.3125 0.028125 0.040625
1 0.084375 0.2328125 0.075 0.0375
1 0.4296875 0.209375 0.034375 0.0375
1 0.4625 0.59375 0.0265625 0.0375
1 0.4875 0.3265625 0.0328125 0.0546875
1 0.0421875 0.1828125 0.03125 0.046875
1 0.4703125 0.64375 0.0375 0.053125
1 0.1453125 0.4234375 0.03125 0.0359375
1 0.0828125 0.4296875 0.0453125 0.0578125
1 0.565625 0.653125 0.0328125 0.03125
1 0.55 0.671875 0.0421875 0.0390625
1 0.165625 0.296875 0.0484375 0.0609375
1 0.0296875 0.1390625 0.0453125 0.025
1 0.1796875 0.4171875 0.0390625 0.05625
1 0.2078125 0.4171875 0.0328125 0.0640625
1 0.2953125 0.5625 0.0484375 0.03125
1 0.51875 0.65625 0.0328125 0.03125
1 0.48125 0.609375 0.0296875 0.04375
1 0.3953125 0.703125 0.071875 0.0359375
1 0.3734375 0.775 0.046875 0.03125
1 0.06875 0.8234375 0.034375 0.0515625
1 0.1109375 0.5734375 0.1015625 0.06875
1 0.9359375 0.55 0.04375 0.0765625
1 0.0625 0.1453125 0.0546875 0.040625
1 0.2359375 0.634375 0.05625 0.04375
1 0.146875 0.375 0.0625 0.040625
1 0.3296875 0.3421875 0.0734375 0.0390625
1 0.453125 0.2265625 0.0296875 0.0359375
1 0.7171875 0.3953125 0.078125 0.0375
1 0.2328125 0.346875 0.034375 0.0484375
1 0.178125 0.8296875 0.0328125 0.0546875
1 0.3609375 0.4984375 0.046875 0.021875
1 0.1203125 0.2625 0.034375 0.0234375
1 0.175 0.48125 0.0875 0.0484375
1 0.0984375 0.3984375 0.04375 0.05625
1 0.0734375 0.3515625 0.084375 0.04375
1 0.7578125 0.4203125 0.0765625 0.034375
1 0.0796875 0.30625 0.0453125 0.0546875
1 0.01875 0.31875 0.0375 0.08125
1 0.578125 0.6984375 0.0453125 0.0515625
1 0.5640625 0.446875 0.05625 0.090625
1 0.1171875 0.434375 0.0359375 0.046875
1 0.121875 0.525 0.065625 0.0390625
1 0.278125 0.45 0.0671875 0.03125
1 0.31875 0.4890625 0.04375 0.046875
1 0.56875 0.7921875 0.065625 0.0421875
1 0.146875 0.8375 0.028125 0.0375
1 0.1484375 0.8640625 0.05625 0.021875
1 0.6125 0.66875 0.0625 0.0640625
1 0.6078125 0.73125 0.0328125 0.078125
1 0.2328125 0.4140625 0.025 0.0578125
1 0.553125 0.34375 0.0390625 0.0421875
1 0.4796875 0.70625 0.034375 0.0484375
1 0.265625 0.3703125 0.040625 0.0609375
1 0.296875 0.7453125 0.0703125 0.0390625
1 0.6703125 0.728125 0.084375 0.0734375
1 0.1265625 0.3984375 0.0328125 0.040625
1 0.4703125 0.2734375 0.0390625 0.05
1 0.2828125 0.4921875 0.0328125 0.0296875
1 0.35625 0.6109375 0.05 0.0328125
1 0.5203125 0.7 0.065625 0.0640625
1 0.634375 0.79375 0.0359375 0.0328125
1 0.3765625 0.196875 0.03125 0.025
1 0.3078125 0.471875 0.040625 0.03125
1 0.5765625 0.7671875 0.046875 0.0328125
1 0.16875 0.353125 0.0359375 0.0328125
1 0.65625 0.765625 0.065625 0.06875
1 0.365625 0.8296875 0.0453125 0.06875
1 0.2953125 0.6484375 0.140625 0.1015625
1 0.146875 0.40625 0.0265625 0.0265625
1 0.040625 0.7875 0.053125 0.05
1 0.0875 0.3828125 0.028125 0.03125
1 0.025 0.5375 0.0421875 0.153125
1 0.1234375 0.325 0.05 0.0375
1 0.7453125 0.765625 0.034375 0.059375
1 0.728125 0.4578125 0.096875 0.053125
1 0.909375 0.1421875 0.0578125 0.034375
1 0.0203125 0.2796875 0.034375 0.0328125
1 0.8484375 0.3734375 0.0765625 0.040625
1 0.73125 0.196875 0.0953125 0.04375
1 0.528125 0.759375 0.0375 0.0390625
1 0.090625 0.7046875 0.06875 0.18125
1 0.628125 0.4609375 0.0625 0.0859375
1 0.496875 0.2609375 0.078125 0.090625
1 0.85 0.44375 0.1515625 0.0765625
1 0.8953125 0.515625 0.0671875 0.0703125
1 0.928125 0.6 0.1 0.0640625
1 0.803125 0.5578125 0.1421875 0.14375
1 0.9359375 0.378125 0.0703125 0.0546875
1 0.671875 0.8234375 0.06875 0.0203125
1 0.025 0.4296875 0.05 0.05625
1 0.9734375 0.3484375 0.053125 0.05625
1 0.1578125 0.6921875 0.128125 0.0421875
1 0.0265625 0.3765625 0.040625 0.0390625
1 0.0296875 0.246875 0.0375 0.0515625
1 0.903125 0.4 0.05625 0.05625
1 0.4515625 0.859375 0.1171875 0.0296875
1 0.1328125 0.6625 0.053125 0.0640625
1 0.2765625 0.415625 0.0625 0.0328125
1 0.0984375 0.1625 0.046875 0.0671875
1 0.134375 0.7921875 0.05625 0.046875
1 0.7328125 0.2984375 0.13125 0.0484375
1 0.4109375 0.5171875 0.103125 0.059375
1 0.896875 0.1796875 0.0578125 0.059375
1 0.81875 0.396875 0.1140625 0.078125
1 0.4984375 0.1765625 0.0921875 0.1015625
1 0.2671875 0.165625 0.046875 0.078125
1 0.7140625 0.5 0.1453125 0.0640625
1 0.0265625 0.734375 0.0453125 0.2203125
1 0.9546875 0.428125 0.090625 0.090625
1 0.575 0.296875 0.0671875 0.103125
1 0.6453125 0.8515625 0.109375 0.0421875
1 0.6328125 0.29375 0.0796875 0.0703125