1 0.93125 0.36875 0.1359375 0.15
1 0.153125 0.53125 0.08125 0.10625
1 0.3703125 0.68125 0.0984375 0.134375
1 0.878125 0.5421875 0.178125 0.1609375
1 0.6015625 0.5140625 0.16875 0.134375
1 0.3359375 0.7921875 0.1453125 0.1140625
1 0.0796875 0.5125 0.08125 0.0890625
1 0.0328125 0.6328125 0.0640625 0.1234375
1 0.709375 0.4125 0.1734375 0.1484375
1 0.6765625 0.3125 0.1671875 0.1234375
1 0.675 0.6453125 0.1625 0.1953125
1 0.4140625 0.525 0.134375 0.1375
1 0.146875 0.459375 0.0828125 0.0796875
1 0.3234375 0.459375 0.1328125 0.1609375
1 0.5390625 0.4796875 0.1171875 0.1125
1 0.23125 0.5109375 0.115625 0.16875
1 0.796875 0.6859375 0.1125 0.1140625
1 0.1046875 0.6265625 0.09375 0.1109375
1 0.76875 0.5828125 0.128125 0.1421875
1 0.1671875 0.6265625 0.084375 0.1046875
1 0.4609375 0.734375 0.165625 0.14375
1 0.240625 0.3890625 0.1125 0.084375
1 0.1359375 0.703125 0.0609375 0.0671875
1 0.453125 0.6125 0.134375 0.18125
1 0.421875 0.3921875 0.1109375 0.11875
1 0.2078125 0.5734375 0.046875 0.0578125
1 0.053125 0.7546875 0.09375 0.103125
1 0.2890625 0.7171875 0.0765625 0.090625
1 0.1375 0.3640625 0.0890625 0.05
1 0.965625 0.4921875 0.06875 0.1125
1 0.2015625 0.29375 0.115625 0.115625
1 0.875 0.409375 0.090625 0.096875
1 0.8640625 0.33125 0.0375 0.0328125
1 0.60625 0.7890625 0.121875 0.121875
1 0.3125 0.6234375 0.103125 0.146875
1 0.021875 0.534375 0.04375 0.0578125
1 0.2578125 0.809375 0.04375 0.078125
1 0.2890625 0.2921875 0.0828125 0.13125
1 0.9734375 0.7046875 0.0515625 0.0625
1 0.509375 0.33125 0.125 0.1453125
1 0.06875 0.571875 0.0515625 0.05
1 0.5859375 0.390625 0.1015625 0.1046875
1 0.56875 0.2015625 0.159375 0.0984375
1 0.5453125 0.646875 0.1140625 0.15
1 0.2015625 0.7671875 0.1 0.0703125
1 0.7953125 0.75 0.1453125 0.1140625
1 0.5296875 0.265625 0.1140625 0.0828125
1 0.1390625 0.775 0.0484375 0.075
1 0.4203125 0.2140625 0.1375 0.1234375
1 0.721875 0.1703125 0.103125 0.034375
1 0.9515625 0.1796875 0.0921875 0.0546875
1 0.98125 0.25 0.0359375 0.1171875
1 0.3640625 0.303125 0.140625 0.1203125
1 0.0625 0.425 0.059375 0.065625
1 0.3546875 0.2359375 0.059375 0.0484375
1 0.88125 0.790625 0.1171875 0.0984375
1 0.728125 0.834375 0.0375 0.0296875