1 0.3 0.640625 0.1609375 0.14375
1 0.4828125 0.48125 0.1484375 0.1546875
1 0.4671875 0.3546875 0.1265625 0.1296875
1 0.2890625 0.828125 0.1671875 0.178125
1 0.20625 0.7203125 0.1921875 0.1390625
1 0.3390625 0.4984375 0.159375 0.140625
1 0.6671875 0.4640625 0.15 0.1734375
1 0.5953125 0.6453125 0.1609375 0.1890625
1 0.7625 0.5890625 0.1859375 0.15
1 0.46875 0.6484375 0.128125 0.2
1 0.709375 0.746875 0.1515625 0.1609375
1 0.3875 0.25625 0.1453125 0.15
1 0.2453125 0.2296875 0.1546875 0.14375
1 0.196875 0.4875 0.159375 0.1359375
1 0.8875 0.75 0.171875 0.1421875
1 0.91875 0.6078125 0.134375 0.1390625
1 0.3125 0.359375 0.1265625 0.1046875
1 0.45 0.1453125 0.1421875 0.125
1 0.4125 0.81875 0.140625 0.1296875
1 0.0859375 0.3890625 0.1390625 0.153125
1 0.11875 0.6453125 0.13125 0.1375
1 0.56875 0.8125 0.1828125 0.140625
1 0.8421875 0.8734375 0.1453125 0.1328125
1 0.1953125 0.3765625 0.1234375 0.15
1 0.5484375 0.890625 0.1828125 0.0953125
1 0.06875 0.125 0.134375 0.1296875
1 0.0578125 0.525 0.1140625 0.153125
1 0.340625 0.1046875 0.14375 0.0890625
1 0.0375 0.26875 0.075 0.15
1 0.771875 0.7046875 0.115625 0.11875
1 0.95625 0.825 0.0859375 0.16875
1 0.3 0.4609375 0.1015625 0.075
1 0.084375 0.903125 0.1390625 0.06875
1 0.0234375 0.6640625 0.046875 0.153125