1 0.0984375 0.6421875 0.0734375 0.090625
1 0.296875 0.3515625 0.1109375 0.103125
1 0.6734375 0.6578125 0.0875 0.08125
1 0.3453125 0.2625 0.1125 0.11875
1 0.3234375 0.6734375 0.0796875 0.115625
1 0.15 0.6390625 0.0671875 0.0890625
1 0.7375 0.5328125 0.15625 0.1359375
1 0.2703125 0.6296875 0.0796875 0.115625
1 0.421875 0.3703125 0.1 0.11875
1 0.2 0.534375 0.0953125 0.1421875
1 0.2703125 0.4921875 0.10625 0.1390625
1 0.5734375 0.63125 0.1328125 0.1609375
1 0.59375 0.1953125 0.1 0.084375
1 0.5578125 0.3484375 0.1375 0.109375
1 0.059375 0.753125 0.075 0.0875
1 0.5890625 0.43125 0.134375 0.125
1 0.5046875 0.521875 0.13125 0.1125
1 0.9109375 0.4359375 0.11875 0.1015625
1 0.8640625 0.5875 0.103125 0.0828125
1 0.4671875 0.640625 0.09375 0.1234375
1 0.3515625 0.4265625 0.0890625 0.0984375
1 0.4015625 0.71875 0.1328125 0.121875
1 0.3890625 0.6109375 0.1109375 0.1484375
1 0.746875 0.2703125 0.1078125 0.128125
1 0.896875 0.5234375 0.109375 0.0921875
1 0.7921875 0.65625 0.1359375 0.1109375
1 0.45625 0.2359375 0.128125 0.11875
1 0.3484375 0.5421875 0.10625 0.121875
1 0.1265625 0.4984375 0.06875 0.0734375
1 0.296875 0.784375 0.1125 0.1171875
1 0.675 0.721875 0.1015625 0.09375
1 0.4859375 0.4171875 0.0765625 0.0875
1 0.2015625 0.4328125 0.0859375 0.0671875
1 0.390625 0.8109375 0.0953125 0.0703125
1 0.8 0.3828125 0.1703125 0.1265625
1 0.5234375 0.7765625 0.0890625 0.1328125
1 0.6453125 0.571875 0.10625 0.1171875
1 0.6921875 0.19375 0.10625 0.0828125
1 0.621875 0.2734375 0.1546875 0.1171875
1 0.190625 0.7015625 0.1015625 0.1625
1 0.0328125 0.65 0.0640625 0.1046875
1 0.8296875 0.4859375 0.103125 0.090625
1 0.075 0.5453125 0.06875 0.078125
1 0.9390625 0.3640625 0.1203125 0.0859375
1 0.16875 0.3546875 0.0953125 0.0953125
1 0.134375 0.5609375 0.065625 0.0859375
1 0.4609375 0.784375 0.071875 0.121875
1 0.7390625 0.425 0.1015625 0.0828125
1 0.45 0.4921875 0.0828125 0.0890625
1 0.1203125 0.4578125 0.1109375 0.059375