1 0.6046875 0.7625 0.0796875 0.115625
1 0.51875 0.7109375 0.06875 0.1
1 0.0421875 0.3953125 0.0828125 0.090625
1 0.8203125 0.41875 0.0953125 0.0921875
1 0.103125 0.46875 0.096875 0.1015625
1 0.325 0.8265625 0.1140625 0.0953125
1 0.209375 0.446875 0.096875 0.1140625
1 0.5546875 0.5203125 0.0625 0.0578125
1 0.30625 0.6234375 0.0765625 0.1125
1 0.046875 0.3390625 0.0703125 0.0578125
1 0.71875 0.4140625 0.0765625 0.0796875
1 0.9421875 0.63125 0.115625 0.1109375
1 0.653125 0.725 0.1015625 0.1125
1 0.50625 0.8453125 0.1078125 0.0609375
1 0.421875 0.8265625 0.0453125 0.040625
1 0.784375 0.6359375 0.0640625 0.05
1 0.5859375 0.51875 0.1359375 0.1015625
1 0.90625 0.8328125 0.11875 0.084375
1 0.2109375 0.340625 0.0703125 0.084375
1 0.559375 0.634375 0.0640625 0.05
1 0.021875 0.278125 0.04375 0.06875
1 0.7671875 0.53125 0.0515625 0.0421875
1 0.4765625 0.7125 0.0390625 0.0421875
1 0.1265625 0.7515625 0.04375 0.04375
1 0.190625 0.85 0.0640625 0.0515625
1 0.5546875 0.7828125 0.065625 0.065625
1 0.1265625 0.815625 0.084375 0.1125
1 0.240625 0.5265625 0.04375 0.0671875
1 0.975 0.7625 0.0484375 0.1359375
1 0.7390625 0.734375 0.046875 0.0421875
1 0.790625 0.6625 0.096875 0.1203125
1 0.940625 0.3609375 0.1078125 0.0796875
1 0.7375 0.7765625 0.0484375 0.053125
1 0.0453125 0.809375 0.090625 0.128125
1 0.253125 0.6125 0.040625 0.0515625
1 0.9296875 0.5265625 0.1203125 0.1015625
1 0.7546875 0.5859375 0.0640625 0.046875
1 0.1421875 0.3625 0.0703125 0.084375
1 0.6984375 0.8140625 0.05 0.0421875
1 0.1734375 0.5453125 0.0953125 0.1
1 0.15625 0.6953125 0.065625 0.0953125
1 0.86875 0.715625 0.075 0.078125
1 0.65625 0.8546875 0.04375 0.04375
1 0.4421875 0.7140625 0.0453125 0.0578125
1 0.33125 0.4234375 0.046875 0.0484375
1 0.3484375 0.715625 0.0515625 0.0359375
1 0.9203125 0.7796875 0.0703125 0.065625
1 0.6265625 0.4671875 0.0578125 0.059375
1 0.2578125 0.634375 0.059375 0.1234375
1 0.80625 0.85 0.0875 0.0515625
1 0.3640625 0.79375 0.0484375 0.0484375
1 0.809375 0.528125 0.046875 0.046875
1 0.85 0.2859375 0.096875 0.1078125
1 0.35 0.75 0.046875 0.0484375
1 0.4671875 0.7921875 0.0859375 0.08125
1 0.028125 0.2390625 0.0546875 0.0578125