1 0.625 0.4578125 0.2109375 0.1671875
1 0.728125 0.440625 0.1578125 0.125
1 0.5796875 0.221875 0.171875 0.140625
1 0.203125 0.4609375 0.146875 0.196875
1 0.41875 0.54375 0.175 0.1671875
1 0.8671875 0.4953125 0.1546875 0.1453125
1 0.8265625 0.6375 0.1265625 0.15
1 0.565625 0.35625 0.184375 0.1453125
1 0.4390625 0.2703125 0.1375 0.1390625
1 0.4859375 0.715625 0.2109375 0.21875
1 0.859375 0.29375 0.203125 0.1640625
1 0.7 0.2078125 0.1296875 0.1109375
1 0.7171875 0.325 0.14375 0.1359375
1 0.8734375 0.771875 0.2109375 0.1453125
1 0.25625 0.575 0.1828125 0.1734375
1 0.3203125 0.3 0.146875 0.1546875
1 0.0703125 0.7578125 0.1390625 0.175
1 0.375 0.753125 0.10625 0.1921875
1 0.33125 0.428125 0.1171875 0.121875
1 0.4328125 0.425 0.140625 0.13125
1 0.140625 0.2640625 0.1578125 0.2203125
1 0.2625 0.78125 0.146875 0.13125
1 0.6890625 0.7734375 0.16875 0.14375
1 0.0703125 0.48125 0.1390625 0.2234375
1 0.571875 0.5875 0.1390625 0.1515625
1 0.8125 0.1859375 0.1140625 0.0671875