1 0.4375 0.4984375 0.18125 0.1859375
1 0.5046875 0.7015625 0.146875 0.1984375
1 0.328125 0.3625 0.1640625 0.1640625
1 0.296875 0.5015625 0.1359375 0.1546875
1 0.1625 0.2796875 0.1859375 0.184375
1 0.6203125 0.628125 0.1125 0.140625
1 0.6046875 0.7921875 0.15 0.15625
1 0.5765625 0.5234375 0.1109375 0.1765625
1 0.8125 0.5625 0.14375 0.1515625
1 0.91875 0.61875 0.1609375 0.15625
1 0.153125 0.4453125 0.1515625 0.1234375
1 0.8265625 0.728125 0.1515625 0.14375
1 0.046875 0.4140625 0.09375 0.2015625
1 0.753125 0.8125 0.14375 0.11875
1 0.9546875 0.7875 0.0890625 0.165625
1 0.9078125 0.834375 0.153125 0.0734375