1 0.69375 0.6453125 0.0625 0.04375
1 0.5640625 0.5640625 0.08125 0.06875
1 0.3046875 0.725 0.0484375 0.03125
1 0.7109375 0.6890625 0.053125 0.0421875
1 0.146875 0.3828125 0.0484375 0.0375
1 0.5078125 0.6734375 0.0578125 0.0515625
1 0.6734375 0.49375 0.0765625 0.0828125
1 0.8015625 0.3921875 0.090625 0.0953125
1 0.0875 0.56875 0.0390625 0.034375
1 0.765625 0.5 0.1 0.090625
1 0.5328125 0.628125 0.0515625 0.0375
1 0.5046875 0.5703125 0.0703125 0.0625
1 0.5859375 0.75625 0.0875 0.1015625
1 0.878125 0.465625 0.1234375 0.0765625
1 0.071875 0.3296875 0.034375 0.034375
1 0.70625 0.596875 0.05 0.040625
1 0.890625 0.59375 0.0390625 0.0375
1 0.875 0.6984375 0.1265625 0.1015625
1 0.6625 0.8109375 0.0421875 0.0484375
1 0.734375 0.7421875 0.05 0.0484375
1 0.94375 0.6359375 0.0421875 0.03125
1 0.1703125 0.3484375 0.0375 0.0390625
1 0.425 0.7328125 0.0421875 0.040625
1 0.3640625 0.8296875 0.04375 0.0375
1 0.2015625 0.3828125 0.06875 0.0734375
1 0.621875 0.840625 0.0484375 0.0375
1 0.415625 0.659375 0.05 0.059375
1 0.3890625 0.734375 0.04375 0.05
1 0.4375 0.7875 0.0484375 0.053125
1 0.53125 0.7828125 0.09375 0.1078125
1 0.465625 0.7375 0.0671875 0.1
1 0.221875 0.63125 0.0390625 0.05
1 0.3078125 0.790625 0.05 0.0515625
1 0.159375 0.5 0.0296875 0.028125
1 0.6640625 0.7703125 0.0484375 0.0515625
1 0.21875 0.55625 0.0390625 0.0515625
1 0.3046875 0.75625 0.0484375 0.0421875
1 0.1796875 0.4625 0.05625 0.05625
1 0.228125 0.665625 0.03125 0.040625
1 0.375 0.5734375 0.053125 0.06875
1 0.975 0.35625 0.04375 0.0359375
1 0.2203125 0.778125 0.0453125 0.0484375
1 0.2703125 0.825 0.10625 0.0984375
1 0.478125 0.8421875 0.05625 0.059375
1 0.0421875 0.4203125 0.0828125 0.08125
1 0.9609375 0.5828125 0.078125 0.06875
1 0.453125 0.653125 0.03125 0.03125
1 0.896875 0.8171875 0.084375 0.1125
1 0.9578125 0.759375 0.0828125 0.0890625
1 0.096875 0.7375 0.0484375 0.0421875
1 0.053125 0.365625 0.0625 0.046875
1 0.815625 0.8359375 0.109375 0.0765625
1 0.971875 0.503125 0.0546875 0.075