1 0.2015625 0.446875 0.08125 0.046875
1 0.1 0.3390625 0.08125 0.040625
1 0.10625 0.2296875 0.065625 0.034375
1 0.271875 0.4984375 0.0390625 0.0828125
1 0.0390625 0.3078125 0.05 0.0828125
1 0.1703125 0.35625 0.053125 0.040625
1 0.534375 0.64375 0.065625 0.0546875
1 0.3265625 0.28125 0.0359375 0.04375
1 0.5734375 0.4125 0.0625 0.096875
1 0.4953125 0.528125 0.0375 0.0484375
1 0.3078125 0.5234375 0.0484375 0.028125
1 0.4828125 0.4390625 0.03125 0.059375
1 0.3296875 0.453125 0.0390625 0.0484375
1 0.3328125 0.31875 0.0609375 0.0328125
1 0.425 0.509375 0.0328125 0.053125
1 0.290625 0.421875 0.0671875 0.0328125
1 0.2125 0.34375 0.0421875 0.0546875
1 0.278125 0.35 0.0375 0.0546875
1 0.3828125 0.43125 0.025 0.05
1 0.359375 0.3875 0.028125 0.05625
1 0.109375 0.4109375 0.04375 0.05
1 0.4140625 0.3515625 0.0328125 0.0671875
1 0.384375 0.290625 0.0265625 0.0359375
1 0.2265625 0.39375 0.0296875 0.0609375
1 0.25625 0.5890625 0.053125 0.0390625
1 0.3875 0.33125 0.03125 0.0546875
1 0.08125 0.1484375 0.053125 0.046875
1 0.284375 0.453125 0.0609375 0.0375
1 0.3578125 0.2890625 0.025 0.0359375
1 0.44375 0.353125 0.0296875 0.06875
1 0.453125 0.584375 0.03125 0.05625
1 0.71875 0.3515625 0.0765625 0.0375
1 0.5234375 0.328125 0.0296875 0.0734375
1 0.246875 0.3265625 0.0328125 0.05
1 0.4921875 0.296875 0.0328125 0.0453125
1 0.1828125 0.2859375 0.046875 0.05625
1 0.196875 0.3953125 0.0359375 0.053125
1 0.065625 0.1875 0.0296875 0.0421875
1 0.10625 0.303125 0.03125 0.0359375
1 0.125 0.3796875 0.034375 0.053125
1 0.415625 0.6484375 0.065625 0.03125
1 0.1671875 0.4015625 0.028125 0.0296875
1 0.4140625 0.428125 0.028125 0.053125
1 0.7578125 0.375 0.0734375 0.03125
1 0.4515625 0.425 0.028125 0.0390625
1 0.609375 0.609375 0.0390625 0.05
1 0.40625 0.3984375 0.0265625 0.0328125
1 0.490625 0.64375 0.0390625 0.0515625
1 0.4828125 0.5921875 0.0328125 0.0421875
1 0.1421875 0.4125 0.0328125 0.046875
1 0.36875 0.346875 0.025 0.0375
1 0.153125 0.2890625 0.05625 0.053125
1 0.7421875 0.1609375 0.0859375 0.040625
1 0.71875 0.4140625 0.096875 0.0484375
1 0.146875 0.3703125 0.03125 0.053125
1 0.3859375 0.3734375 0.0265625 0.0296875
1 0.496875 0.6171875 0.03125 0.0296875
1 0.2890625 0.390625 0.0640625 0.03125
1 0.5609375 0.6171875 0.040625 0.034375
1 0.5296875 0.6015625 0.0359375 0.03125
1 0.1390625 0.25625 0.0328125 0.021875
1 0.3828125 0.6890625 0.0265625 0.028125
1 0.1453125 0.4921875 0.0671875 0.034375
1 0.6171875 0.665625 0.0234375 0.0640625
1 0.2484375 0.396875 0.0234375 0.0421875
1 0.475 0.546875 0.0234375 0.0328125
1 0.5890625 0.6390625 0.046875 0.05
1 0.4953125 0.5625 0.028125 0.0375
1 0.31875 0.6890625 0.0625 0.034375
1 0.3921875 0.715625 0.0453125 0.028125
1 0.5765625 0.5984375 0.03125 0.0265625
1 0.0578125 0.140625 0.046875 0.0296875
1 0.85625 0.328125 0.0703125 0.034375
1 0.371875 0.565625 0.046875 0.028125
1 0.5671875 0.7234375 0.0359375 0.034375
1 0.3734375 0.4640625 0.040625 0.0203125
1 0.1953125 0.33125 0.0328125 0.0296875
1 0.1328125 0.2875 0.0375 0.03125