1 0.4328125 0.659375 0.171875 0.1734375
1 0.4671875 0.7859375 0.1265625 0.1140625
1 0.475 0.30625 0.1140625 0.1140625
1 0.95625 0.41875 0.065625 0.04375
1 0.9296875 0.5953125 0.084375 0.1015625
1 0.2734375 0.70625 0.140625 0.11875
1 0.5640625 0.4328125 0.0921875 0.0953125
1 0.7296875 0.5671875 0.0703125 0.0859375
1 0.3375 0.4578125 0.165625 0.1375
1 0.4890625 0.5234375 0.15 0.140625
1 0.615625 0.75 0.1234375 0.184375
1 0.8625 0.353125 0.13125 0.140625
1 0.7765625 0.596875 0.0484375 0.059375
1 0.8953125 0.69375 0.1140625 0.1140625
1 0.4859375 0.390625 0.0796875 0.06875
1 0.165625 0.596875 0.10625 0.121875
1 0.375 0.36875 0.1421875 0.1078125
1 0.371875 0.25625 0.1421875 0.134375
1 0.6171875 0.5484375 0.1484375 0.1375
1 0.615625 0.31875 0.0828125 0.121875
1 0.3625 0.5640625 0.121875 0.1390625
1 0.7078125 0.8046875 0.1015625 0.0875
1 0.25625 0.5421875 0.1578125 0.1234375
1 0.8171875 0.3984375 0.13125 0.1234375
1 0.5984375 0.653125 0.096875 0.0875
1 0.965625 0.503125 0.0671875 0.109375
1 0.48125 0.428125 0.1171875 0.1078125
1 0.6125 0.2046875 0.1171875 0.10625
1 0.70625 0.6921875 0.0890625 0.1328125
1 0.25625 0.35 0.115625 0.109375
1 0.8078125 0.315625 0.0421875 0.0609375
1 0.31875 0.8203125 0.0359375 0.0421875
1 0.5015625 0.209375 0.1125 0.1125
1 0.7625 0.315625 0.053125 0.096875
1 0.7140625 0.1671875 0.084375 0.03125
1 0.240625 0.653125 0.1109375 0.1140625
1 0.140625 0.3265625 0.1734375 0.13125
1 0.9453125 0.3078125 0.0890625 0.1125
1 0.29375 0.225 0.1390625 0.146875
1 0.9484375 0.78125 0.1015625 0.125
1 0.6640625 0.459375 0.121875 0.159375
1 0.134375 0.4796875 0.134375 0.1296875
1 0.978125 0.3875 0.0421875 0.0609375
1 0.1421875 0.196875 0.0859375 0.0890625
1 0.2421875 0.44375 0.11875 0.1015625
1 0.8828125 0.2296875 0.1109375 0.11875
1 0.915625 0.171875 0.05625 0.0390625
1 0.059375 0.6078125 0.115625 0.125
1 0.846875 0.6 0.1265625 0.1375
1 0.35625 0.7734375 0.0703125 0.084375
1 0.2296875 0.240625 0.034375 0.0640625
1 0.2328125 0.1859375 0.096875 0.0671875
1 0.0265625 0.5265625 0.0515625 0.1015625
1 0.128125 0.73125 0.1828125 0.175
1 0.9671875 0.23125 0.0640625 0.0984375
1 0.0859375 0.4625 0.0546875 0.0703125
1 0.875 0.80625 0.0953125 0.084375
1 0.09375 0.4296875 0.071875 0.0625
1 0.2140625 0.290625 0.0421875 0.0515625
1 0.3859375 0.1734375 0.0890625 0.0421875
1 0.7453125 0.203125 0.053125 0.0796875
1 0.953125 0.1734375 0.0625 0.04375
1 0.078125 0.53125 0.0953125 0.0984375
1 0.690625 0.1953125 0.0625 0.0640625
1 0.0296875 0.478125 0.0578125 0.0640625
1 0.3734375 0.7 0.0703125 0.0875
1 0.521875 0.171875 0.0828125 0.0390625
1 0.784375 0.7265625 0.1421875 0.20625
1 0.08125 0.165625 0.09375 0.0265625
1 0.0671875 0.303125 0.0875 0.0796875
1 0.8109375 0.21875 0.1 0.1328125
1 0.01875 0.8 0.0359375 0.06875
1 0.5828125 0.28125 0.071875 0.05
1 0.4484375 0.1765625 0.059375 0.046875
1 0.0921875 0.196875 0.0359375 0.05625
1 0.025 0.715625 0.0484375 0.115625
1 0.9796875 0.7375 0.0390625 0.078125
1 0.0390625 0.2296875 0.0765625 0.103125
1 0.5375 0.8296875 0.096875 0.0359375
1 0.1109375 0.259375 0.046875 0.040625
1 0.975 0.646875 0.05 0.1109375
1 0.428125 0.8140625 0.0765625 0.0640625
1 0.3375 0.1765625 0.05 0.0453125
1 0.0375 0.171875 0.0515625 0.0375