1 0.6109375 0.490625 0.1640625 0.140625
1 0.134375 0.7796875 0.1875 0.171875
1 0.85 0.8234375 0.125 0.1609375
1 0.171875 0.6453125 0.14375 0.1515625
1 0.3265625 0.834375 0.1453125 0.184375
1 0.528125 0.678125 0.15625 0.1765625
1 0.465625 0.84375 0.1421875 0.190625
1 0.365625 0.646875 0.175 0.153125
1 0.6359375 0.734375 0.13125 0.1484375
1 0.71875 0.853125 0.153125 0.1625
1 0.1109375 0.4828125 0.178125 0.1859375
1 0.3390625 0.3546875 0.1671875 0.175
1 0.065625 0.61875 0.1296875 0.16875
1 0.2296875 0.4765625 0.1390625 0.2125
1 0.5109375 0.34375 0.159375 0.1953125
1 0.2078125 0.8625 0.1453125 0.1453125