1 0.5234375 0.6765625 0.165625 0.1546875
1 0.5640625 0.4703125 0.1109375 0.08125
1 0.7875 0.4390625 0.08125 0.071875
1 0.378125 0.625 0.0859375 0.1
1 0.4390625 0.6390625 0.0796875 0.0953125
1 0.325 0.6734375 0.08125 0.090625
1 0.6359375 0.7328125 0.134375 0.1328125
1 0.3421875 0.2875 0.0859375 0.0765625
1 0.21875 0.7609375 0.146875 0.1296875
1 0.509375 0.5234375 0.0640625 0.05625
1 0.6609375 0.3859375 0.08125 0.0734375
1 0.4078125 0.2578125 0.0765625 0.075
1 0.3140625 0.54375 0.1 0.1265625
1 0.6890625 0.309375 0.11875 0.0859375
1 0.3546875 0.7296875 0.1125 0.0828125
1 0.253125 0.2859375 0.0890625 0.1078125
1 0.6828125 0.465625 0.1328125 0.1234375
1 0.6265625 0.6203125 0.109375 0.0984375
1 0.60625 0.4296875 0.0671875 0.05625
1 0.309375 0.209375 0.0796875 0.090625
1 0.5875 0.2453125 0.09375 0.065625
1 0.6578125 0.1609375 0.09375 0.053125
1 0.284375 0.3703125 0.090625 0.0921875
1 0.4640625 0.7765625 0.128125 0.1015625
1 0.41875 0.3109375 0.0421875 0.0390625
1 0.7640625 0.6484375 0.1578125 0.1203125
1 0.49375 0.275 0.1046875 0.059375
1 0.55 0.1703125 0.1078125 0.0921875
1 0.59375 0.5453125 0.1171875 0.0828125
1 0.3609375 0.496875 0.090625 0.0875
1 0.75 0.3734375 0.103125 0.08125
1 0.7359375 0.5328125 0.15625 0.1203125
1 0.721875 0.80625 0.1828125 0.1828125
1 0.2078125 0.4109375 0.0859375 0.115625
1 0.246875 0.18125 0.0734375 0.075
1 0.359375 0.8109375 0.1125 0.1046875
1 0.484375 0.2046875 0.1203125 0.0875
1 0.3921875 0.3796875 0.115625 0.115625
1 0.35625 0.346875 0.0578125 0.0515625
1 0.190625 0.5484375 0.1203125 0.1234375
1 0.44375 0.9078125 0.134375 0.171875
1 0.584375 0.3078125 0.10625 0.0765625
1 0.3328125 0.903125 0.1046875 0.1
1 0.5265625 0.4265625 0.04375 0.0390625
1 0.5796875 0.909375 0.175 0.1796875
1 0.609375 0.115625 0.08125 0.0703125
1 0.6734375 0.2609375 0.075 0.0546875
1 0.165625 0.4859375 0.0828125 0.071875
1 0.3796875 0.19375 0.0734375 0.075
1 0.171875 0.3578125 0.0890625 0.090625
1 0.49375 0.325 0.1140625 0.078125
1 0.303125 0.4234375 0.1015625 0.0859375
1 0.4921875 0.584375 0.0484375 0.0484375
1 0.1953125 0.6453125 0.071875 0.0875
1 0.8296875 0.3140625 0.09375 0.0921875
1 0.66875 0.0796875 0.0671875 0.0546875
1 0.1484375 0.6546875 0.04375 0.08125
1 0.2453125 0.6453125 0.0734375 0.0890625
1 0.415625 0.09375 0.0546875 0.0484375
1 0.746875 0.209375 0.0578125 0.0625
1 0.434375 0.1484375 0.071875 0.0515625
1 0.496875 0.140625 0.0515625 0.0515625
1 0.36875 0.1078125 0.071875 0.078125
1 0.4265625 0.54375 0.0765625 0.065625
1 0.55 0.38125 0.0796875 0.065625
1 0.7265625 0.075 0.053125 0.0515625
1 0.6171875 0.021875 0.0546875 0.0421875
1 0.7140625 0.1171875 0.075 0.0875
1 0.3234375 0.109375 0.04375 0.0453125
1 0.8421875 0.38125 0.0671875 0.0875
1 0.5671875 0.0625 0.075 0.053125
1 0.2921875 0.1 0.0421875 0.0375
1 0.4140625 0.696875 0.059375 0.0578125