1 0.5984375 0.6171875 0.209375 0.15625
1 0.321875 0.1515625 0.1015625 0.0921875
1 0.53125 0.15625 0.1390625 0.084375
1 0.4109375 0.1375 0.10625 0.10625
1 0.559375 0.43125 0.0984375 0.103125
1 0.36875 0.215625 0.0546875 0.0484375
1 0.5203125 0.5515625 0.0984375 0.08125
1 0.44375 0.640625 0.103125 0.13125
1 0.6890625 0.5375 0.0796875 0.0859375
1 0.5453125 0.878125 0.246875 0.2234375
1 0.61875 0.140625 0.159375 0.1078125
1 0.4875 0.059375 0.1328125 0.1125
1 0.3734375 0.3921875 0.0609375 0.0453125
1 0.28125 0.2390625 0.13125 0.0953125
1 0.3578125 0.765625 0.1625 0.1734375
1 0.553125 0.2359375 0.13125 0.103125
1 0.3078125 0.453125 0.071875 0.0859375
1 0.2171875 0.1671875 0.1234375 0.125
1 0.3765625 0.45625 0.1046875 0.109375
1 0.6234375 0.05 0.1296875 0.09375
1 0.446875 0.25625 0.15 0.1109375
1 0.2734375 0.5453125 0.1828125 0.1078125
1 0.421875 0.5578125 0.11875 0.1265625
1 0.4734375 0.465625 0.075 0.0640625
1 0.21875 0.45625 0.103125 0.0734375
1 0.2796875 0.646875 0.1921875 0.13125
1 0.671875 0.4546875 0.1390625 0.0953125
1 0.659375 0.340625 0.13125 0.1359375
1 0.56875 0.3328125 0.096875 0.1140625
1 0.4078125 0.9578125 0.1890625 0.084375
1 0.2890625 0.0765625 0.109375 0.084375
1 0.1671875 0.284375 0.0875 0.1140625
1 0.540625 0.50625 0.05625 0.046875
1 0.4703125 0.3640625 0.1265625 0.1296875
1 0.365625 0.04375 0.1171875 0.0875
1 0.20625 0.3328125 0.1046875 0.0953125
1 0.8109375 0.38125 0.1046875 0.1125
1 0.7921875 0.534375 0.1375 0.103125
1 0.7609375 0.446875 0.1171875 0.1078125
1 0.1640625 0.7953125 0.08125 0.1109375
1 0.753125 0.3390625 0.0796875 0.0828125
1 0.7296875 0.653125 0.109375 0.14375
1 0.7515625 0.1640625 0.134375 0.0765625
1 0.728125 0.0875 0.121875 0.0953125
1 0.1640625 0.4125 0.0796875 0.09375
1 0.5484375 0.746875 0.1890625 0.125
1 0.2484375 0.8015625 0.0890625 0.10625
1 0.765625 0.24375 0.178125 0.1265625
1 0.7546875 0.8265625 0.1671875 0.1796875
1 0.6265625 0.50625 0.121875 0.0640625
1 0.646875 0.8265625 0.0953125 0.103125
1 0.8171875 0.7625 0.1140625 0.1828125
1 0.8296875 0.6140625 0.0890625 0.134375
1 0.315625 0.3734375 0.0921875 0.065625
1 0.2578125 0.396875 0.115625 0.0640625
1 0.1671875 0.6109375 0.0859375 0.103125
1 0.7921875 0.071875 0.096875 0.1140625
1 0.15625 0.121875 0.065625 0.0484375
1 0.5234375 0.0234375 0.084375 0.0453125
1 0.159375 0.9171875 0.0703125 0.1375
1 0.19375 0.7234375 0.134375 0.1328125
1 0.1609375 0.51875 0.0734375 0.1046875
1 0.2390625 0.028125 0.0875 0.0546875
1 0.75625 0.9296875 0.171875 0.134375
1 0.646875 0.2328125 0.0828125 0.0859375
1 0.709375 0.278125 0.0671875 0.0625
1 0.8203125 0.2109375 0.0734375 0.0734375
1 0.1578125 0.1859375 0.06875 0.1296875
1 0.7296875 0.0265625 0.0609375 0.0375
1 0.1546875 0.065625 0.0625 0.0828125
1 0.2109375 0.071875 0.06875 0.0890625
1 0.8140625 0.0171875 0.0890625 0.034375