1 0.4703125 0.675 0.175 0.1265625
1 0.4390625 0.4671875 0.1046875 0.0796875
1 0.371875 0.6078125 0.1046875 0.09375
1 0.35 0.384375 0.075 0.0734375
1 0.66875 0.546875 0.0953125 0.1171875
1 0.5546875 0.465625 0.1140625 0.0921875
1 0.5953125 0.265625 0.0734375 0.0734375
1 0.6828125 0.4328125 0.0984375 0.0890625
1 0.221875 0.4296875 0.0890625 0.071875
1 0.5125 0.2859375 0.1 0.0625
1 0.2796875 0.79375 0.171875 0.178125
1 0.490625 0.521875 0.0640625 0.05625
1 0.24375 0.63125 0.1484375 0.109375
1 0.459375 0.18125 0.1015625 0.0875
1 0.525 0.215625 0.1109375 0.084375
1 0.409375 0.54375 0.1109375 0.0796875
1 0.6515625 0.3 0.0859375 0.078125
1 0.4265625 0.303125 0.096875 0.0625
1 0.584375 0.3265625 0.053125 0.053125
1 0.478125 0.4265625 0.05 0.0453125
1 0.703125 0.384375 0.090625 0.0859375
1 0.8203125 0.503125 0.09375 0.0796875
1 0.278125 0.5265625 0.1453125 0.121875
1 0.628125 0.5 0.0859375 0.0859375
1 0.6078125 0.628125 0.090625 0.103125
1 0.628125 0.7265625 0.109375 0.08125
1 0.4015625 0.43125 0.0609375 0.053125
1 0.7375 0.3015625 0.0875 0.0984375
1 0.2671875 0.371875 0.0984375 0.08125
1 0.8421875 0.446875 0.0625 0.078125
1 0.534375 0.896875 0.121875 0.1734375
1 0.6 0.3875 0.1078125 0.1046875
1 0.6875 0.221875 0.08125 0.0828125
1 0.4296875 0.8765625 0.1265625 0.140625
1 0.65625 0.6703125 0.078125 0.096875
1 0.5109375 0.7703125 0.13125 0.096875
1 0.7734375 0.4171875 0.078125 0.1125
1 0.6171875 0.2078125 0.08125 0.0765625
1 0.425 0.253125 0.0875 0.0625
1 0.6375 0.3578125 0.05625 0.0515625
1 0.5484375 0.6296875 0.075 0.0828125
1 0.8171875 0.3734375 0.0921875 0.0875
1 0.7515625 0.203125 0.0625 0.0703125
1 0.175 0.51875 0.084375 0.11875
1 0.7515625 0.759375 0.1296875 0.125
1 0.3296875 0.3125 0.10625 0.078125