1 0.628125 0.2609375 0.090625 0.0859375
1 0.66875 0.784375 0.1375 0.14375
1 0.66875 0.359375 0.0921875 0.1046875
1 0.715625 0.275 0.0921875 0.115625
1 0.675 0.175 0.0859375 0.09375
1 0.6078125 0.5359375 0.1046875 0.134375
1 0.2890625 0.5671875 0.115625 0.1015625
1 0.4828125 0.225 0.1015625 0.0765625
1 0.38125 0.646875 0.171875 0.1734375
1 0.39375 0.175 0.0921875 0.0640625
1 0.2140625 0.2875 0.10625 0.0921875
1 0.5046875 0.15 0.11875 0.090625
1 0.571875 0.2140625 0.0734375 0.0796875
1 0.6421875 0.4109375 0.103125 0.1015625
1 0.3875 0.2359375 0.1078125 0.071875
1 0.6046875 0.15 0.0890625 0.0859375
1 0.584375 0.6703125 0.0828125 0.109375
1 0.5765625 0.478125 0.1 0.096875
1 0.740625 0.4046875 0.084375 0.1265625
1 0.2015625 0.459375 0.146875 0.1375
1 0.5015625 0.43125 0.1203125 0.1078125
1 0.8203125 0.45 0.0953125 0.090625
1 0.7765625 0.5109375 0.096875 0.0953125
1 0.2609375 0.3984375 0.1234375 0.1390625
1 0.5609375 0.34375 0.1109375 0.1109375
1 0.5390625 0.6203125 0.0953125 0.115625
1 0.7921875 0.3578125 0.096875 0.096875
1 0.2859375 0.228125 0.109375 0.1046875
1 0.3453125 0.371875 0.0703125 0.0609375
1 0.60625 0.321875 0.0546875 0.05
1 0.3 0.3125 0.0734375 0.084375
1 0.54375 0.7328125 0.109375 0.0921875
1 0.425 0.4890625 0.065625 0.0671875
1 0.1625 0.3515625 0.0765625 0.075
1 0.55 0.2765625 0.0484375 0.0484375
1 0.3375 0.4984375 0.1265625 0.090625
1 0.4375 0.0984375 0.1125 0.1015625
1 0.7421875 0.15625 0.08125 0.0921875
1 0.5234375 0.8203125 0.121875 0.1140625
1 0.3828125 0.4171875 0.10625 0.0890625
1 0.415625 0.7625 0.146875 0.103125
1 0.4171875 0.9078125 0.13125 0.18125
1 0.7453125 0.5578125 0.1359375 0.1375
1 0.178125 0.575 0.109375 0.11875
1 0.3359375 0.0734375 0.09375 0.0625
1 0.4296875 0.378125 0.05625 0.05
1 0.265625 0.6921875 0.125 0.15625
1 0.4875 0.5234375 0.1 0.0890625
1 0.753125 0.6859375 0.053125 0.1
1 0.2125 0.2171875 0.0609375 0.0671875
1 0.3171875 0.18125 0.0625 0.05625