1 0.546875 0.4703125 0.1375 0.1359375
1 0.796875 0.503125 0.1484375 0.109375
1 0.6515625 0.2875 0.1265625 0.128125
1 0.6890625 0.621875 0.14375 0.1171875
1 0.7796875 0.278125 0.1328125 0.1265625
1 0.3171875 0.671875 0.13125 0.1390625
1 0.4328125 0.596875 0.14375 0.15
1 0.2875 0.5296875 0.159375 0.128125
1 0.571875 0.365625 0.1125 0.1078125
1 0.7140625 0.38125 0.1171875 0.0875
1 0.434375 0.7359375 0.16875 0.109375
1 0.6734375 0.496875 0.146875 0.1203125
1 0.60625 0.184375 0.125 0.1109375
1 0.6828125 0.7859375 0.14375 0.15625
1 0.3859375 0.4375 0.125 0.1453125
1 0.1828125 0.7734375 0.140625 0.134375