1 0.54375 0.2328125 0.153125 0.14375
1 0.4578125 0.2765625 0.190625 0.1421875
1 0.384375 0.196875 0.1484375 0.0890625
1 0.2171875 0.2734375 0.1109375 0.125
1 0.4359375 0.509375 0.1984375 0.171875
1 0.690625 0.4078125 0.1109375 0.103125
1 0.109375 0.2109375 0.1390625 0.1171875
1 0.771875 0.496875 0.1328125 0.1703125
1 0.5875 0.6046875 0.0921875 0.103125
1 0.2640625 0.446875 0.171875 0.128125
1 0.571875 0.428125 0.1625 0.1875
1 0.54375 0.721875 0.16875 0.1984375
1 0.253125 0.190625 0.13125 0.0765625
1 0.7484375 0.3234375 0.15625 0.1234375
1 0.675 0.5453125 0.1609375 0.1765625
1 0.878125 0.234375 0.1515625 0.1484375
1 0.403125 0.640625 0.109375 0.1140625
1 0.3359375 0.2875 0.15625 0.1671875
1 0.6015625 0.3515625 0.1203125 0.1140625
1 0.2515625 0.3625 0.1375 0.0859375
1 0.603125 0.1765625 0.128125 0.0484375
1 0.6828125 0.2359375 0.1265625 0.115625