1 0.453125 0.771875 0.0484375 0.053125
1 0.1796875 0.584375 0.0390625 0.0625
1 0.4703125 0.65625 0.0421875 0.0390625
1 0.534375 0.6703125 0.071875 0.0578125
1 0.2171875 0.728125 0.0359375 0.05625
1 0.4140625 0.7734375 0.0484375 0.0671875
1 0.3609375 0.5625 0.0578125 0.090625
1 0.5515625 0.60625 0.059375 0.0421875
1 0.80625 0.709375 0.065625 0.0625
1 0.4984375 0.765625 0.078125 0.1265625
1 0.7375 0.815625 0.0546875 0.0609375
1 0.0875 0.3265625 0.0421875 0.05
1 0.95625 0.4796875 0.0453125 0.0453125
1 0.7328125 0.7625 0.05625 0.0546875
1 0.5796875 0.5125 0.0953125 0.0890625
1 0.6453125 0.759375 0.1125 0.115625
1 0.5796875 0.8046875 0.11875 0.134375
1 0.7921875 0.3875 0.1203125 0.109375
1 0.3203125 0.828125 0.0484375 0.059375
1 0.203125 0.6765625 0.0484375 0.075
1 0.7421875 0.5921875 0.0703125 0.0546875
1 0.778125 0.6484375 0.0796875 0.0625
1 0.06875 0.375 0.053125 0.046875
1 0.1046875 0.525 0.0359375 0.034375
1 0.1359375 0.3640625 0.0796875 0.103125
1 0.4203125 0.675 0.0515625 0.0671875
1 0.3140625 0.784375 0.05625 0.0453125
1 0.5171875 0.53125 0.071875 0.0734375
1 0.1171875 0.471875 0.0578125 0.0734375
1 0.1875 0.6359375 0.0390625 0.046875
1 0.7484375 0.528125 0.0578125 0.053125
1 0.0375 0.63125 0.04375 0.04375
1 0.54375 0.7203125 0.0421875 0.040625
1 0.6890625 0.4 0.0921875 0.096875
1 0.0859375 0.8453125 0.0546875 0.0546875
1 0.7921875 0.515625 0.053125 0.0515625
1 0.4796875 0.8375 0.0625 0.0640625
1 0.9390625 0.625 0.1203125 0.1234375
1 0.7 0.8546875 0.05625 0.0421875
1 0.8140625 0.234375 0.10625 0.1296875
1 0.9265625 0.8109375 0.1375 0.121875
1 0.91875 0.3265625 0.15 0.1171875
1 0.846875 0.5984375 0.0625 0.078125