1 0.065625 0.7265625 0.1171875 0.146875
1 0.1515625 0.3375 0.08125 0.084375
1 0.1578125 0.28125 0.0796875 0.0625
1 0.3046875 0.3234375 0.0671875 0.0796875
1 0.3 0.7953125 0.0984375 0.1265625
1 0.8921875 0.65 0.0328125 0.0390625
1 0.159375 0.66875 0.053125 0.0453125
1 0.4203125 0.7125 0.0453125 0.0515625
1 0.7265625 0.775 0.040625 0.0546875
1 0.3390625 0.7203125 0.05 0.040625
1 0.2515625 0.3171875 0.0421875 0.0390625
1 0.4890625 0.6390625 0.0296875 0.0359375
1 0.1859375 0.80625 0.0921875 0.125
1 0.2921875 0.4984375 0.0421875 0.0546875
1 0.171875 0.49375 0.0375 0.0359375
1 0.284375 0.575 0.0390625 0.05625
1 0.7046875 0.66875 0.0515625 0.04375
1 0.0890625 0.6703125 0.065625 0.065625
1 0.6625 0.7953125 0.0390625 0.0484375
1 0.7171875 0.721875 0.0421875 0.046875
1 0.2671875 0.4015625 0.053125 0.0546875
1 0.34375 0.6875 0.046875 0.0328125
1 0.4890625 0.725 0.059375 0.103125
1 0.79375 0.5359375 0.0859375 0.0953125
1 0.653125 0.8328125 0.0390625 0.0515625
1 0.8609375 0.7515625 0.1109375 0.1125
1 0.7109375 0.5109375 0.065625 0.084375
1 0.45 0.715625 0.0375 0.04375
1 0.2453125 0.4375 0.028125 0.0296875
1 0.06875 0.3734375 0.0890625 0.0953125
1 0.3828125 0.8046875 0.0421875 0.040625
1 0.59375 0.7671875 0.075 0.1109375
1 0.2359375 0.3515625 0.0640625 0.065625
1 0.5421875 0.784375 0.08125 0.11875
1 0.1921875 0.25 0.03125 0.034375
1 0.534375 0.66875 0.05 0.0546875
1 0.278125 0.284375 0.034375 0.0390625
1 0.9640625 0.653125 0.071875 0.075
1 0.978125 0.575 0.04375 0.08125
1 0.93125 0.703125 0.0375 0.0375
1 0.7265625 0.6234375 0.046875 0.0421875
1 0.071875 0.2953125 0.0921875 0.090625
1 0.484375 0.8359375 0.0515625 0.0640625
1 0.55 0.565625 0.059375 0.065625
1 0.840625 0.43125 0.0859375 0.0953125
1 0.284375 0.6171875 0.0296875 0.046875
1 0.259375 0.7265625 0.053125 0.0515625
1 0.290625 0.4234375 0.0828125 0.1046875
1 0.6015625 0.565625 0.06875 0.0703125
1 0.6109375 0.85625 0.0421875 0.0375
1 0.7640625 0.634375 0.0421875 0.059375
1 0.4296875 0.546875 0.0578125 0.075
1 0.3375 0.7578125 0.046875 0.0546875
1 0.146875 0.190625 0.0796875 0.0625
1 0.4546875 0.775 0.0421875 0.0578125
1 0.9046875 0.521875 0.1 0.0875
1 0.9390625 0.83125 0.090625 0.0875
1 0.5609375 0.625 0.0390625 0.0375
1 0.9796875 0.75 0.0390625 0.121875
1 0.0234375 0.2625 0.046875 0.05
1 0.0359375 0.840625 0.065625 0.06875
1 0.021875 0.3375 0.04375 0.08125
1 0.0171875 0.4578125 0.0328125 0.05