1 0.509375 0.8609375 0.1078125 0.1546875
1 0.30625 0.75625 0.109375 0.115625
1 0.684375 0.3609375 0.084375 0.0703125
1 0.540625 0.1546875 0.06875 0.0625
1 0.5375 0.0765625 0.05 0.05
1 0.615625 0.38125 0.0609375 0.0609375
1 0.4734375 0.346875 0.0890625 0.071875
1 0.4671875 0.309375 0.0796875 0.059375
1 0.6921875 0.503125 0.11875 0.10625
1 0.409375 0.715625 0.0890625 0.0765625
1 0.159375 0.590625 0.0609375 0.0625
1 0.7421875 0.3015625 0.0765625 0.078125
1 0.44375 0.54375 0.0546875 0.053125
1 0.3609375 0.55625 0.084375 0.10625
1 0.4453125 0.471875 0.0953125 0.084375
1 0.628125 0.1453125 0.0625 0.059375
1 0.45 0.2453125 0.0921875 0.0734375
1 0.5796875 0.425 0.0578125 0.0453125
1 0.2546875 0.453125 0.0671875 0.0921875
1 0.4078125 0.2046875 0.065625 0.053125
1 0.2578125 0.2515625 0.0609375 0.065625
1 0.815625 0.4234375 0.0640625 0.05625
1 0.75625 0.878125 0.115625 0.096875
1 0.5890625 0.1859375 0.071875 0.046875
1 0.2203125 0.5296875 0.075 0.06875
1 0.4671875 0.6296875 0.05625 0.0765625
1 0.6046875 0.225 0.103125 0.06875
1 0.425 0.7859375 0.09375 0.090625
1 0.3796875 0.6671875 0.0671875 0.0859375
1 0.3859375 0.5046875 0.0703125 0.0640625
1 0.503125 0.209375 0.0859375 0.08125
1 0.215625 0.3171875 0.0625 0.084375
1 0.184375 0.4828125 0.078125 0.0671875
1 0.5796875 0.9546875 0.153125 0.0890625
1 0.5578125 0.76875 0.0546875 0.053125
1 0.778125 0.4796875 0.0703125 0.084375
1 0.8015625 0.5625 0.0640625 0.0625
1 0.73125 0.59375 0.1265625 0.096875
1 0.61875 0.5859375 0.0875 0.078125
1 0.3671875 0.25 0.065625 0.0703125
1 0.8421875 0.4875 0.0671875 0.09375
1 0.3109375 0.4109375 0.0671875 0.078125
1 0.5015625 0.115625 0.059375 0.0515625
1 0.5765625 0.0734375 0.065625 0.0578125
1 0.39375 0.296875 0.059375 0.0609375
1 0.275 0.34375 0.0703125 0.0890625
1 0.1875 0.7015625 0.0703125 0.0609375
1 0.7203125 0.7359375 0.1421875 0.146875
1 0.15 0.4171875 0.0515625 0.0578125
1 0.5421875 0.2703125 0.0734375 0.05625
1 0.309375 0.2671875 0.065625 0.0734375
1 0.4125 0.8640625 0.078125 0.0734375
1 0.73125 0.4125 0.06875 0.0546875
1 0.2421875 0.6734375 0.0453125 0.078125
1 0.8453125 0.8265625 0.0515625 0.0625
1 0.546875 0.465625 0.0875 0.06875
1 0.18125 0.64375 0.090625 0.071875
1 0.4 0.409375 0.0875 0.090625
1 0.58125 0.53125 0.090625 0.06875
1 0.584375 0.1203125 0.05625 0.053125
1 0.8265625 0.625 0.0953125 0.11875
1 0.828125 0.7359375 0.0921875 0.1203125
1 0.41875 0.6109375 0.059375 0.0625
1 0.5453125 0.3296875 0.0890625 0.078125
1 0.434375 0.1546875 0.071875 0.0640625
1 0.334375 0.45 0.0703125 0.0640625
1 0.3453125 0.171875 0.053125 0.0625
1 0.7859375 0.3578125 0.090625 0.075
1 0.5421875 0.653125 0.1359375 0.13125
1 0.2078125 0.409375 0.0640625 0.0703125
1 0.8484375 0.384375 0.05 0.1015625
1 0.171875 0.35 0.0640625 0.0609375
1 0.25 0.571875 0.1015625 0.1046875
1 0.6296875 0.3109375 0.084375 0.075
1 0.346875 0.3359375 0.0703125 0.0671875
1 0.2921875 0.6640625 0.090625 0.0859375
1 0.6296875 0.1046875 0.05 0.04375
1 0.2296875 0.7375 0.0609375 0.0578125
1 0.303125 0.2109375 0.0609375 0.059375
1 0.6359375 0.7765625 0.0578125 0.05625
1 0.640625 0.6859375 0.103125 0.11875
1 0.153125 0.5046875 0.0546875 0.059375
1 0.6421875 0.4484375 0.1015625 0.1109375
1 0.14375 0.5546875 0.0390625 0.0546875
1 0.1515625 0.328125 0.04375 0.0453125
1 0.46875 0.55625 0.0484375 0.0484375
1 0.509375 0.521875 0.05 0.053125
1 0.6046875 0.2734375 0.05 0.040625
1 0.384375 0.15625 0.0515625 0.0484375
1 0.3640625 0.3859375 0.0453125 0.04375
1 0.48125 0.4140625 0.05625 0.0640625
1 0.2125 0.5921875 0.053125 0.059375
1 0.215625 0.2359375 0.0359375 0.0421875
1 0.134375 0.646875 0.021875 0.0515625
1 0.4125 0.3515625 0.0390625 0.040625
1 0.4078125 0.375 0.0578125 0.05625
1 0.6921875 0.6390625 0.0546875 0.0484375
1 0.5484375 0.5875 0.08125 0.0515625
1 0.8078125 0.296875 0.06875 0.0609375
1 0.6890625 0.3078125 0.046875 0.046875
1 0.721875 0.95625 0.096875 0.06875
1 0.1484375 0.459375 0.0421875 0.0359375
1 0.59375 0.8421875 0.1171875 0.1328125
1 0.309375 0.1484375 0.040625 0.0390625
1 0.284375 0.1734375 0.0375 0.0375
1 0.4796875 0.9828125 0.08125 0.0328125
1 0.4203125 0.06875 0.0359375 0.0328125
1 0.5140625 0.4328125 0.040625 0.0390625
1 0.44375 0.9328125 0.09375 0.08125
1 0.3015625 0.5046875 0.053125 0.05625
1 0.4421875 0.1125 0.0296875 0.03125
1 0.4109375 0.6453125 0.0546875 0.0515625
1 0.66875 0.8859375 0.0890625 0.103125