1 0.721875 0.7421875 0.13125 0.1359375
1 0.646875 0.8625 0.14375 0.15
1 0.6796875 0.534375 0.1296875 0.140625
1 0.503125 0.8640625 0.13125 0.1515625
1 0.8109375 0.8609375 0.14375 0.1515625
1 0.0921875 0.78125 0.1296875 0.1375
1 0.4765625 0.64375 0.1453125 0.1203125
1 0.8953125 0.375 0.1171875 0.1703125
1 0.8453125 0.5078125 0.153125 0.1125
1 0.375 0.5546875 0.1359375 0.128125
1 0.7796875 0.4171875 0.11875 0.140625
1 0.878125 0.721875 0.1203125 0.128125
1 0.1609375 0.8796875 0.1328125 0.121875
1 0.5609375 0.7921875 0.1265625 0.128125
1 0.1296875 0.3953125 0.109375 0.121875
1 0.075 0.5859375 0.1203125 0.140625
1 0.3890625 0.86875 0.1296875 0.1421875
1 0.940625 0.784375 0.1125 0.153125
1 0.0390625 0.4421875 0.0765625 0.1421875
1 0.14375 0.69375 0.153125 0.0890625
1 0.7015625 0.3109375 0.1203125 0.1234375
1 0.1703125 0.503125 0.1359375 0.128125
1 0.6578125 0.6734375 0.1609375 0.1359375
1 0.4640625 0.415625 0.1421875 0.1390625
1 0.296875 0.6625 0.1609375 0.1265625
1 0.290625 0.509375 0.1125 0.13125
1 0.603125 0.415625 0.134375 0.1546875
1 0.9171875 0.6015625 0.15 0.1515625
1 0.2328125 0.76875 0.153125 0.13125
1 0.3828125 0.7703125 0.13125 0.128125
1 0.5375 0.5703125 0.1640625 0.1359375
1 0.1890625 0.6109375 0.0984375 0.1109375
1 0.275 0.884375 0.1046875 0.109375
1 0.9546875 0.4796875 0.090625 0.1203125
1 0.0375 0.2859375 0.075 0.10625
1 0.9671875 0.2109375 0.0640625 0.15
1 0.034375 0.75625 0.06875 0.1484375
1 0.94375 0.3234375 0.0796875 0.0953125
1 0.7984375 0.2890625 0.0828125 0.0875
1 0.04375 0.8921875 0.0875 0.0953125
1 0.7515625 0.6234375 0.0859375 0.10625