1 0.2234375 0.7578125 0.1140625 0.11875
1 0.50625 0.7515625 0.10625 0.134375
1 0.175 0.671875 0.10625 0.121875
1 0.678125 0.653125 0.121875 0.1265625
1 0.0703125 0.7875 0.1125 0.13125
1 0.65625 0.48125 0.10625 0.10625
1 0.1203125 0.396875 0.0953125 0.109375
1 0.7578125 0.7546875 0.1171875 0.134375
1 0.409375 0.4953125 0.1125 0.103125
1 0.4890625 0.5640625 0.1125 0.0921875
1 0.1640625 0.5140625 0.0984375 0.1140625
1 0.2765625 0.8671875 0.1125 0.1375
1 0.621875 0.75 0.121875 0.128125
1 0.834375 0.35625 0.0953125 0.1375
1 0.2140625 0.3640625 0.0890625 0.096875
1 0.4828125 0.9046875 0.1125 0.071875
1 0.7921875 0.4609375 0.1265625 0.0859375
1 0.4140625 0.75625 0.10625 0.128125
1 0.0375 0.703125 0.075 0.140625
1 0.815625 0.6375 0.096875 0.1046875
1 0.9015625 0.8109375 0.096875 0.0984375
1 0.55625 0.6890625 0.1015625 0.1046875
1 0.24375 0.45 0.10625 0.103125
1 0.225 0.6046875 0.11875 0.075
1 0.053125 0.4328125 0.0984375 0.0953125
1 0.7421875 0.3875 0.0953125 0.115625
1 0.675 0.303125 0.096875 0.103125
1 0.8703125 0.6890625 0.096875 0.125
1 0.0390625 0.5703125 0.0765625 0.103125
1 0.4875 0.3859375 0.11875 0.109375
1 0.9 0.44375 0.109375 0.1015625
1 0.6359375 0.5953125 0.134375 0.1078125
1 0.59375 0.3890625 0.1078125 0.115625
1 0.278125 0.6625 0.109375 0.109375
1 0.4109375 0.6671875 0.1046875 0.1015625
1 0.328125 0.775 0.08125 0.1046875
1 0.1671875 0.8859375 0.1109375 0.1046875
1 0.34375 0.578125 0.1171875 0.09375
1 0.9546875 0.565625 0.090625 0.1
1 0.915625 0.2265625 0.103125 0.121875
1 0.921875 0.3609375 0.096875 0.0984375
1 0.6078125 0.9015625 0.1203125 0.075
1 0.9109375 0.11875 0.1125 0.0953125
1 0.1375 0.275 0.065625 0.0875
1 0.340625 0.4546875 0.0953125 0.096875
1 0.08125 0.659375 0.0921875 0.109375
1 0.8484375 0.5375 0.128125 0.1171875
1 0.25625 0.5359375 0.078125 0.0859375
1 0.5359375 0.5109375 0.13125 0.103125
1 0.971875 0.4640625 0.05625 0.0953125
1 0.1546875 0.821875 0.09375 0.071875
1 0.978125 0.6859375 0.04375 0.1234375
1 0.0984375 0.578125 0.0703125 0.0640625