1 0.1046875 0.246875 0.1328125 0.1390625
1 0.1375 0.3859375 0.1515625 0.1546875
1 0.4953125 0.340625 0.1640625 0.1703125
1 0.5375 0.8171875 0.15 0.1546875
1 0.2796875 0.415625 0.125 0.1609375
1 0.334375 0.75 0.1546875 0.1375
1 0.6640625 0.6890625 0.1984375 0.1609375
1 0.7859375 0.65 0.096875 0.1421875
1 0.3625 0.4921875 0.159375 0.1609375
1 0.7078125 0.7921875 0.1703125 0.190625
1 0.3265625 0.86875 0.1546875 0.140625
1 0.2515625 0.6109375 0.1796875 0.1515625
1 0.653125 0.365625 0.1640625 0.1796875
1 0.4515625 0.871875 0.15 0.134375
1 0.7796875 0.259375 0.146875 0.159375
1 0.1390625 0.525 0.1203125 0.1296875
1 0.7171875 0.5265625 0.15 0.1765625
1 0.1953125 0.878125 0.1125 0.11875
1 0.909375 0.7921875 0.1515625 0.153125
1 0.5453125 0.5546875 0.190625 0.1796875
1 0.90625 0.5296875 0.175 0.1515625
1 0.4609375 0.6171875 0.15625 0.146875
1 0.0828125 0.6234375 0.1609375 0.121875
1 0.1546875 0.721875 0.165625 0.1546875
1 0.0671875 0.8546875 0.1328125 0.165625
1 0.8578125 0.390625 0.14375 0.1828125
1 0.04375 0.46875 0.0875 0.16875
1 0.61875 0.884375 0.1671875 0.1109375
1 0.896875 0.25 0.0875 0.1234375
1 0.94375 0.6578125 0.1109375 0.1671875
1 0.9546875 0.8828125 0.0890625 0.115625
1 0.9609375 0.3703125 0.078125 0.215625
1 0.809375 0.9 0.1609375 0.08125
1 0.0390625 0.709375 0.078125 0.15625
1 0.3515625 0.35625 0.1109375 0.1171875
1 0.0375 0.1046875 0.075 0.0828125
1 0.825 0.7984375 0.0953125 0.1296875
1 0.93125 0.13125 0.084375 0.0703125
1 0.540625 0.7578125 0.1140625 0.08125
1 0.5953125 0.496875 0.11875 0.1
1 0.859375 0.1671875 0.0609375 0.0859375
1 0.0328125 0.36875 0.065625 0.059375
1 0.025 0.2765625 0.046875 0.1515625
1 0.45625 0.4375 0.103125 0.0984375
1 0.209375 0.55625 0.1125 0.1046875
1 0.034375 0.1890625 0.06875 0.0796875
1 0.3734375 0.2625 0.0703125 0.0796875
1 0.9640625 0.2484375 0.0703125 0.078125
1 0.30625 0.28125 0.0890625 0.1015625
1 0.2046875 0.6109375 0.084375 0.0921875
1 0.034375 0.6125 0.065625 0.0875
1 0.03125 0.9 0.0609375 0.0796875
1 0.4515625 0.7140625 0.1171875 0.1125
1 0.725 0.303125 0.0578125 0.078125
1 0.5671875 0.2125 0.1015625 0.296875