1 0.31875 0.4390625 0.178125 0.2015625
1 0.3359375 0.2984375 0.178125 0.1484375
1 0.1796875 0.3359375 0.134375 0.1890625
1 0.7625 0.6859375 0.1625 0.25625
1 0.0640625 0.3359375 0.128125 0.165625
1 0.2484375 0.5890625 0.1953125 0.15
1 0.5015625 0.6484375 0.1890625 0.2484375
1 0.928125 0.5640625 0.140625 0.2390625
1 0.284375 0.2078125 0.1609375 0.1125
1 0.15625 0.6953125 0.13125 0.1546875
1 0.7140625 0.409375 0.203125 0.171875
1 0.078125 0.565625 0.1515625 0.165625
1 0.584375 0.29375 0.121875 0.14375
1 0.95625 0.378125 0.0859375 0.1828125
1 0.0515625 0.228125 0.1015625 0.103125
1 0.33125 0.7734375 0.15625 0.153125
1 0.165625 0.2109375 0.109375 0.11875
1 0.43125 0.2 0.128125 0.0953125
1 0.903125 0.7140625 0.128125 0.15
1 0.54375 0.203125 0.115625 0.1015625
1 0.5234375 0.409375 0.2 0.2296875
1 0.384375 0.5578125 0.15 0.2046875
1 0.9453125 0.7953125 0.109375 0.1
1 0.0515625 0.7546875 0.103125 0.1578125
1 0.490625 0.3359375 0.1328125 0.1203125
1 0.2609375 0.734375 0.103125 0.1578125
1 0.7015625 0.55625 0.1296875 0.1078125
1 0.83125 0.5515625 0.0828125 0.1453125
1 0.63125 0.6171875 0.0984375 0.1546875
1 0.834375 0.2625 0.234375 0.2171875
1 0.1515625 0.8171875 0.190625 0.0640625
1 0.1921875 0.4609375 0.1359375 0.153125
1 0.7015625 0.825 0.1203125 0.0484375
1 0.7171875 0.2734375 0.178125 0.190625
1 0.0421875 0.6515625 0.0828125 0.0828125
1 0.6078125 0.1875 0.10625 0.0703125
1 0.48125 0.265625 0.0734375 0.0578125