1 0.2359375 0.4140625 0.1546875 0.159375
1 0.48125 0.4359375 0.15625 0.15625
1 0.140625 0.5359375 0.1359375 0.1796875
1 0.371875 0.396875 0.13125 0.1546875
1 0.7359375 0.6875 0.1453125 0.1578125
1 0.1703125 0.290625 0.1234375 0.15625
1 0.8265625 0.35625 0.1484375 0.1734375
1 0.2453125 0.6546875 0.1765625 0.115625
1 0.5640625 0.25 0.1671875 0.1625
1 0.8953125 0.6078125 0.1609375 0.190625
1 0.296875 0.871875 0.1515625 0.1359375
1 0.8234375 0.53125 0.171875 0.175
1 0.0578125 0.3671875 0.115625 0.171875
1 0.7203125 0.2265625 0.146875 0.1921875
1 0.6859375 0.8046875 0.1578125 0.2046875
1 0.1984375 0.771875 0.1484375 0.1625
1 0.55 0.828125 0.1390625 0.2046875
1 0.6765625 0.4328125 0.1703125 0.159375
1 0.4078125 0.584375 0.175 0.159375
1 0.91875 0.1828125 0.1328125 0.1921875
1 0.846875 0.759375 0.153125 0.178125
1 0.6140625 0.5234375 0.1703125 0.140625
1 0.4375 0.86875 0.1203125 0.140625
1 0.0828125 0.9046875 0.15 0.071875
1 0.3484375 0.7265625 0.159375 0.16875
1 0.528125 0.7 0.1453125 0.15
1 0.0625 0.7796875 0.125 0.14375
1 0.815625 0.103125 0.11875 0.084375
1 0.2796875 0.540625 0.10625 0.1375
1 0.04375 0.1703125 0.0875 0.1265625