1 0.6796875 0.7375 0.0359375 0.0390625
1 0.175 0.428125 0.0734375 0.0703125
1 0.2125 0.490625 0.084375 0.0875
1 0.734375 0.6765625 0.04375 0.040625
1 0.721875 0.640625 0.0546875 0.046875
1 0.2578125 0.3953125 0.0390625 0.03125
1 0.553125 0.628125 0.0453125 0.0421875
1 0.3734375 0.609375 0.075 0.0953125
1 0.390625 0.6984375 0.0390625 0.0375
1 0.83125 0.490625 0.084375 0.0828125
1 0.703125 0.6015625 0.0484375 0.034375
1 0.571875 0.715625 0.0828125 0.0921875
1 0.859375 0.45 0.0875 0.0640625
1 0.0953125 0.40625 0.084375 0.0703125
1 0.10625 0.46875 0.08125 0.075
1 0.7140625 0.5625 0.0390625 0.0328125
1 0.3046875 0.3921875 0.059375 0.0625
1 0.440625 0.75625 0.0359375 0.03125
1 0.853125 0.6421875 0.103125 0.08125
1 0.2640625 0.540625 0.0734375 0.071875
1 0.321875 0.5953125 0.0296875 0.04375
1 0.7578125 0.48125 0.0796875 0.0734375
1 0.5546875 0.5421875 0.0578125 0.0578125
1 0.2921875 0.46875 0.0625 0.065625
1 0.7875 0.390625 0.071875 0.0765625
1 0.61875 0.6921875 0.071875 0.0796875
1 0.871875 0.7421875 0.0625 0.1015625
1 0.3671875 0.7625 0.0859375 0.0953125
1 0.596875 0.5375 0.06875 0.05625
1 0.328125 0.6296875 0.0296875 0.046875
1 0.5203125 0.6765625 0.053125 0.0765625
1 0.9390625 0.4078125 0.0734375 0.0421875
1 0.9421875 0.4765625 0.1 0.0703125
1 0.459375 0.6765625 0.0390625 0.046875
1 0.68125 0.7046875 0.0390625 0.0421875
1 0.53125 0.7671875 0.04375 0.046875
1 0.278125 0.3671875 0.0296875 0.03125
1 0.803125 0.8 0.0921875 0.0984375
1 0.7265625 0.8140625 0.071875 0.0796875
1 0.040625 0.4609375 0.0734375 0.090625
1 0.1484375 0.74375 0.1015625 0.1234375
1 0.14375 0.3375 0.1078125 0.090625
1 0.8640625 0.55625 0.03125 0.03125
1 0.9390625 0.546875 0.1046875 0.0578125
1 0.646875 0.7625 0.0375 0.0328125
1 0.9046875 0.590625 0.034375 0.0296875
1 0.5 0.803125 0.084375 0.103125
1 0.0375 0.3953125 0.0703125 0.0546875
1 0.253125 0.4234375 0.0578125 0.0546875
1 0.55 0.8328125 0.0984375 0.084375
1 0.928125 0.6921875 0.0875 0.0734375
1 0.1890625 0.834375 0.0515625 0.0765625
1 0.265625 0.7875 0.0671875 0.1015625
1 0.5765625 0.5828125 0.0484375 0.0375
1 0.9640625 0.6203125 0.071875 0.096875
1 0.8171875 0.753125 0.0515625 0.0578125
1 0.0765625 0.346875 0.0421875 0.040625
1 0.934375 0.6328125 0.03125 0.04375
1 0.1625 0.6953125 0.0703125 0.0640625
1 0.1421875 0.840625 0.0609375 0.065625
1 0.43125 0.8515625 0.08125 0.046875
1 0.39375 0.465625 0.0484375 0.05
1 0.225 0.684375 0.04375 0.0390625
1 0.9765625 0.734375 0.0453125 0.05
1 0.4578125 0.8140625 0.0546875 0.078125
1 0.684375 0.4765625 0.06875 0.0671875
1 0.6109375 0.7609375 0.05625 0.0640625
1 0.8953125 0.53125 0.05 0.040625
1 0.3171875 0.784375 0.0296875 0.0421875
1 0.39375 0.7265625 0.0453125 0.0484375
1 0.3734375 0.853125 0.0734375 0.0421875
1 0.4984375 0.721875 0.0421875 0.0484375
1 0.0234375 0.509375 0.0421875 0.0546875
1 0.1609375 0.4984375 0.0359375 0.078125
1 0.0421875 0.56875 0.0765625 0.071875
1 0.2546875 0.85625 0.0296875 0.0390625
1 0.84375 0.703125 0.040625 0.046875
1 0.321875 0.7125 0.0375 0.0421875
1 0.1125 0.6609375 0.08125 0.1046875
1 0.1515625 0.3109375 0.0671875 0.0453125
1 0.44375 0.55625 0.05 0.078125
1 0.640625 0.3078125 0.0515625 0.0609375
1 0.359375 0.8296875 0.05625 0.0453125
1 0.4765625 0.6203125 0.040625 0.05625
1 0.8765625 0.83125 0.053125 0.0796875
1 0.628125 0.2640625 0.05 0.0625
1 0.0125 0.471875 0.0234375 0.140625
1 0.7109375 0.259375 0.0671875 0.0828125
1 0.521875 0.2640625 0.053125 0.071875
1 0.0609375 0.625 0.0765625 0.125
1 0.1046875 0.2921875 0.075 0.0640625
1 0.6578125 0.3359375 0.05625 0.053125
1 0.921875 0.315625 0.10625 0.0859375
1 0.5625 0.3109375 0.034375 0.046875
1 0.2390625 0.3421875 0.0546875 0.04375
1 0.4109375 0.56875 0.034375 0.0421875
1 0.19375 0.515625 0.04375 0.0421875
1 0.66875 0.3609375 0.053125 0.046875
1 0.9515625 0.7546875 0.04375 0.0484375
1 0.75 0.346875 0.0421875 0.046875
1 0.0625 0.5453125 0.0453125 0.0390625
1 0.1171875 0.63125 0.04375 0.0546875
1 0.121875 0.578125 0.034375 0.0625
1 0.1328125 0.815625 0.0328125 0.025
1 0.6953125 0.25625 0.0359375 0.0421875
1 0.640625 0.621875 0.096875 0.075
1 0.6609375 0.8234375 0.0671875 0.0984375
1 0.7078125 0.7484375 0.034375 0.0625