1 0.1875 0.41875 0.05 0.1078125
1 0.4015625 0.2265625 0.0390625 0.0859375
1 0.5015625 0.1921875 0.0375 0.0921875
1 0.128125 0.2828125 0.0375 0.078125
1 0.0359375 0.415625 0.0671875 0.0421875
1 0.153125 0.3734375 0.034375 0.0359375
1 0.4453125 0.475 0.0296875 0.0421875
1 0.3625 0.225 0.0390625 0.084375
1 0.109375 0.221875 0.05 0.06875
1 0.2359375 0.45 0.0640625 0.0375
1 0.471875 0.453125 0.046875 0.0609375
1 0.3046875 0.2203125 0.034375 0.05
1 0.090625 0.2890625 0.0453125 0.0703125
1 0.453125 0.334375 0.0390625 0.078125
1 0.296875 0.275 0.0359375 0.071875
1 0.3171875 0.5 0.0625 0.034375
1 0.33125 0.2015625 0.0390625 0.06875
1 0.33125 0.659375 0.0359375 0.034375
1 0.3796875 0.428125 0.0390625 0.0640625
1 0.05625 0.240625 0.0625 0.0484375
1 0.053125 0.296875 0.0359375 0.040625
1 0.19375 0.228125 0.05 0.0671875
1 0.0296875 0.33125 0.03125 0.0390625
1 0.46875 0.2 0.034375 0.0421875
1 0.3296875 0.25625 0.034375 0.040625
1 0.328125 0.328125 0.0328125 0.065625
1 0.521875 0.5953125 0.0828125 0.06875
1 0.471875 0.4953125 0.0359375 0.0453125
1 0.265625 0.1859375 0.096875 0.04375
1 0.3546875 0.2859375 0.0328125 0.040625
1 0.2078125 0.2796875 0.075 0.0390625
1 0.5140625 0.5453125 0.0390625 0.0359375
1 0.478125 0.5640625 0.040625 0.0390625
1 0.2125 0.31875 0.078125 0.0375
1 0.0296875 0.25625 0.0421875 0.06875
1 0.153125 0.1984375 0.0390625 0.0609375
1 0.4578125 0.53125 0.04375 0.05625
1 0.0859375 0.771875 0.0328125 0.040625
1 0.1609375 0.35 0.028125 0.0375
1 0.55625 0.5625 0.0546875 0.0453125
1 0.3640625 0.3265625 0.034375 0.0640625
1 0.5765625 0.5390625 0.0390625 0.034375
1 0.0890625 0.20625 0.0421875 0.034375
1 0.4609375 0.1546875 0.040625 0.05625
1 0.5671875 0.696875 0.0453125 0.0390625
1 0.628125 0.6234375 0.0296875 0.0796875
1 0.175 0.5359375 0.0609375 0.04375
1 0.5921875 0.59375 0.0546875 0.0625
1 0.4203125 0.528125 0.0390625 0.0765625
1 0.3453125 0.6921875 0.0609375 0.034375
1 0.409375 0.3203125 0.0390625 0.0546875
1 0.2609375 0.3578125 0.059375 0.0640625
1 0.465625 0.59375 0.0546875 0.0671875
1 0.253125 0.146875 0.04375 0.0421875
1 0.121875 0.7625 0.0375 0.06875
1 0.5671875 0.3015625 0.075 0.1265625
1 0.803125 0.246875 0.1078125 0.0421875
1 0.253125 0.659375 0.08125 0.0453125
1 0.325 0.1484375 0.0328125 0.04375
1 0.0109375 0.2734375 0.0203125 0.05625
1 0.3703125 0.609375 0.0765625 0.0421875
1 0.0828125 0.3953125 0.03125 0.025