1 0.9625 0.3703125 0.071875 0.0484375
1 0.7265625 0.2625 0.0421875 0.053125
1 0.6609375 0.2640625 0.03125 0.046875
1 0.8203125 0.415625 0.0359375 0.075
1 0.70625 0.5625 0.0515625 0.0359375
1 0.746875 0.440625 0.071875 0.0421875
1 0.528125 0.428125 0.0390625 0.0703125
1 0.753125 0.5390625 0.0453125 0.10625
1 0.796875 0.4140625 0.0265625 0.053125
1 0.690625 0.265625 0.028125 0.04375
1 0.5 0.5375 0.04375 0.05625
1 0.521875 0.5609375 0.0265625 0.0453125
1 0.890625 0.38125 0.05625 0.0515625
1 0.8859375 0.290625 0.05625 0.0625
1 0.58125 0.5265625 0.034375 0.0625
1 0.853125 0.421875 0.034375 0.065625
1 0.6671875 0.7625 0.0609375 0.05
1 0.840625 0.4890625 0.0859375 0.059375
1 0.56875 0.415625 0.03125 0.0484375
1 0.971875 0.234375 0.053125 0.04375
1 0.603125 0.7546875 0.0296875 0.0375
1 0.846875 0.259375 0.059375 0.034375
1 0.6890625 0.4765625 0.04375 0.0453125
1 0.8421875 0.35625 0.040625 0.071875
1 0.6078125 0.4265625 0.0375 0.0625
1 0.91875 0.3015625 0.071875 0.0578125
1 0.909375 0.4015625 0.040625 0.065625
1 0.4375 0.6671875 0.08125 0.0609375
1 0.5859375 0.78125 0.0515625 0.03125
1 0.76875 0.353125 0.046875 0.0625
1 0.61875 0.334375 0.0328125 0.0859375
1 0.496875 0.58125 0.028125 0.0515625
1 0.9765625 0.159375 0.046875 0.0671875
1 0.646875 0.475 0.046875 0.0296875
1 0.671875 0.334375 0.028125 0.046875
1 0.5375 0.615625 0.0421875 0.0734375
1 0.7484375 0.4 0.065625 0.040625
1 0.909375 0.4546875 0.0390625 0.05
1 0.6515625 0.3140625 0.034375 0.065625
1 0.934375 0.421875 0.0390625 0.0546875
1 0.940625 0.2640625 0.0375 0.025
1 0.95 0.4546875 0.053125 0.059375
1 0.584375 0.33125 0.0390625 0.0859375
1 0.5703125 0.7 0.0703125 0.0421875
1 0.8859375 0.4359375 0.03125 0.040625
1 0.63125 0.603125 0.05625 0.0296875
1 0.9671875 0.2671875 0.0328125 0.0328125
1 0.8125 0.2453125 0.0640625 0.0625
1 0.9734375 0.3203125 0.0484375 0.0546875
1 0.3984375 0.6078125 0.0359375 0.0359375
1 0.490625 0.6765625 0.0515625 0.0625
1 0.621875 0.39375 0.034375 0.0421875
1 0.390625 0.7625 0.0421875 0.0375
1 0.7546875 0.653125 0.0609375 0.0421875
1 0.790625 0.4953125 0.03125 0.0328125
1 0.646875 0.3640625 0.0296875 0.0359375
1 0.48125 0.6421875 0.0421875 0.0328125
1 0.6953125 0.15625 0.0421875 0.0453125
1 0.453125 0.621875 0.0390625 0.034375
1 0.4140625 0.6328125 0.0515625 0.0390625
1 0.584375 0.8390625 0.040625 0.071875
1 0.709375 0.3046875 0.071875 0.0421875
1 0.2328125 0.3015625 0.0875 0.04375
1 0.640625 0.434375 0.0265625 0.0625
1 0.3453125 0.6796875 0.0296875 0.0703125
1 0.675 0.3875 0.028125 0.071875
1 0.434375 0.375 0.075 0.1125
1 0.8078125 0.3296875 0.034375 0.0625
1 0.5390625 0.253125 0.04375 0.0546875
1 0.53125 0.2953125 0.0359375 0.0390625
1 0.4984375 0.2828125 0.0375 0.0890625
1 0.378125 0.6578125 0.0453125 0.0609375
1 0.2328125 0.6703125 0.0578125 0.065625
1 0.7859375 0.4765625 0.03125 0.0390625
1 0.4078125 0.415625 0.0484375 0.04375
1 0.5578125 0.2125 0.0546875 0.0734375
1 0.5046875 0.61875 0.034375 0.059375
1 0.89375 0.553125 0.0671875 0.0390625
1 0.278125 0.278125 0.0921875 0.05625
1 0.709375 0.45625 0.0421875 0.034375
1 0.35625 0.6140625 0.040625 0.0546875
1 0.6234375 0.1390625 0.0375 0.028125
1 0.375 0.721875 0.0546875 0.046875
1 0.646875 0.15625 0.06875 0.05
1 0.1421875 0.225 0.096875 0.0484375
1 0.86875 0.346875 0.0328125 0.0375
1 0.0796875 0.19375 0.034375 0.03125
1 0.3625 0.3890625 0.06875 0.075
1 0.4640625 0.2546875 0.0484375 0.0453125
1 0.925 0.85 0.04375 0.046875
1 0.76875 0.253125 0.03125 0.0453125
1 0.8828125 0.2171875 0.05 0.05625
1 0.21875 0.253125 0.0265625 0.0359375
1 0.4828125 0.3296875 0.03125 0.0484375
1 0.8 0.3828125 0.0296875 0.034375
1 0.046875 0.334375 0.04375 0.0328125
1 0.6296875 0.73125 0.034375 0.05625
1 0.025 0.2703125 0.05 0.0828125
1 0.3875 0.328125 0.0671875 0.046875
1 0.2609375 0.3546875 0.1328125 0.0671875
1 0.221875 0.7296875 0.0515625 0.05625
1 0.0671875 0.2421875 0.059375 0.0640625
1 0.1796875 0.4984375 0.0515625 0.084375
1 0.3859375 0.228125 0.0890625 0.0640625