1 0.5953125 0.4734375 0.1296875 0.109375
1 0.325 0.503125 0.121875 0.1359375
1 0.325 0.709375 0.134375 0.15
1 0.9046875 0.321875 0.1015625 0.13125
1 0.278125 0.29375 0.115625 0.121875
1 0.875 0.4703125 0.109375 0.1359375
1 0.25 0.8375 0.1359375 0.159375
1 0.778125 0.4015625 0.1203125 0.11875
1 0.459375 0.7296875 0.1109375 0.1203125
1 0.3625 0.628125 0.153125 0.125
1 0.16875 0.496875 0.1421875 0.10625
1 0.16875 0.70625 0.1140625 0.11875
1 0.5046875 0.3625 0.1296875 0.128125
1 0.3828125 0.3828125 0.121875 0.1390625
1 0.7984375 0.8796875 0.1234375 0.115625
1 0.053125 0.49375 0.10625 0.1234375
1 0.6296875 0.7921875 0.121875 0.146875
1 0.4578125 0.5265625 0.134375 0.1328125
1 0.9703125 0.3515625 0.059375 0.10625
1 0.8234375 0.584375 0.128125 0.0875
1 0.125 0.6015625 0.1390625 0.146875
1 0.6671875 0.4234375 0.0984375 0.1171875
1 0.684375 0.5765625 0.1453125 0.1203125
1 0.621875 0.68125 0.1140625 0.10625
1 0.7625 0.659375 0.13125 0.11875
1 0.025 0.2296875 0.0484375 0.128125
1 0.7296875 0.7984375 0.090625 0.121875
1 0.5296875 0.571875 0.1015625 0.1015625
1 0.40625 0.8171875 0.18125 0.1828125
1 0.8828125 0.659375 0.1125 0.1375
1 0.978125 0.775 0.0421875 0.1390625
1 0.925 0.86875 0.1125 0.08125