1 0.1671875 0.6484375 0.115625 0.1671875
1 0.4890625 0.3203125 0.121875 0.1140625
1 0.69375 0.6765625 0.146875 0.1296875
1 0.2921875 0.3296875 0.15 0.1453125
1 0.134375 0.4828125 0.146875 0.1515625
1 0.5203125 0.621875 0.153125 0.175
1 0.628125 0.3078125 0.15 0.1453125
1 0.4140625 0.5890625 0.128125 0.171875
1 0.0546875 0.7 0.1078125 0.10625
1 0.2796875 0.4734375 0.1546875 0.15625
1 0.4296875 0.4140625 0.1546875 0.1296875
1 0.840625 0.346875 0.1453125 0.1671875
1 0.61875 0.5078125 0.140625 0.178125
1 0.2375 0.6515625 0.1203125 0.1328125
1 0.7140625 0.3453125 0.184375 0.1421875
1 0.49375 0.4921875 0.115625 0.1046875
1 0.3984375 0.259375 0.1328125 0.1375
1 0.0796875 0.565625 0.1328125 0.11875
1 0.221875 0.7765625 0.171875 0.140625
1 0.746875 0.44375 0.15 0.1171875
1 0.75625 0.5765625 0.203125 0.16875
1 0.7859375 0.253125 0.1421875 0.0953125
1 0.3390625 0.678125 0.1390625 0.184375
1 0.1609375 0.3546875 0.1203125 0.121875
1 0.55 0.2140625 0.1765625 0.125
1 0.91875 0.4984375 0.1609375 0.1296875
1 0.9515625 0.3234375 0.096875 0.1203125
1 0.6578125 0.7734375 0.1703125 0.1515625
1 0.721875 0.2 0.14375 0.0953125
1 0.3890625 0.1859375 0.134375 0.065625
1 0.3515625 0.80625 0.1578125 0.0796875
1 0.9046875 0.2171875 0.1375 0.128125
1 0.8109375 0.803125 0.140625 0.0875
1 0.921875 0.41875 0.15 0.090625
1 0.525 0.796875 0.11875 0.103125
1 0.0796875 0.771875 0.071875 0.06875
1 0.828125 0.6984375 0.153125 0.11875
1 0.2421875 0.540625 0.090625 0.0953125
1 0.0265625 0.7859375 0.0515625 0.0703125
1 0.0796875 0.8234375 0.0765625 0.0515625
1 0.0421875 0.4609375 0.08125 0.1078125
1 0.9625 0.7015625 0.0734375 0.1015625
1 0.9125 0.7890625 0.1015625 0.1140625
1 0.021875 0.6296875 0.04375 0.125