1 0.2484375 0.3984375 0.0390625 0.03125
1 0.865625 0.6359375 0.10625 0.084375
1 0.5265625 0.6875 0.05625 0.084375
1 0.721875 0.559375 0.04375 0.034375
1 0.1828125 0.35625 0.0296875 0.0296875
1 0.3296875 0.734375 0.04375 0.0453125
1 0.09375 0.4828125 0.08125 0.08125
1 0.3265625 0.6375 0.028125 0.0375
1 0.6265625 0.8015625 0.034375 0.0390625
1 0.5421875 0.778125 0.0484375 0.0515625
1 0.6921875 0.7421875 0.0375 0.040625
1 0.3703125 0.7828125 0.0890625 0.1
1 0.6921875 0.70625 0.040625 0.040625
1 0.8734375 0.5453125 0.0328125 0.0328125
1 0.9484375 0.5328125 0.103125 0.059375
1 0.91875 0.58125 0.0359375 0.0296875
1 0.73125 0.6390625 0.05625 0.0453125
1 0.1609375 0.4359375 0.071875 0.0703125
1 0.0546875 0.5640625 0.04375 0.0390625
1 0.321875 0.60625 0.034375 0.0421875
1 0.26875 0.8140625 0.0671875 0.1078125
1 0.58125 0.7234375 0.084375 0.0984375
1 0.4015625 0.7421875 0.04375 0.05
1 0.7625 0.4734375 0.084375 0.0796875
1 0.9484375 0.684375 0.0921875 0.0765625
1 0.2953125 0.3984375 0.059375 0.0640625
1 0.6 0.5359375 0.0671875 0.0625
1 0.1484375 0.771875 0.1015625 0.1296875
1 0.559375 0.63125 0.0484375 0.0421875
1 0.3921875 0.7125 0.040625 0.0390625
1 0.5125 0.815625 0.0875 0.1015625
1 0.8875 0.7390625 0.0625 0.10625
1 0.0828125 0.4125 0.0859375 0.078125
1 0.746875 0.6796875 0.04375 0.04375
1 0.2078125 0.4984375 0.084375 0.0953125
1 0.3125 0.5421875 0.0265625 0.040625
1 0.0515625 0.5140625 0.071875 0.0671875
1 0.6890625 0.4671875 0.0609375 0.0703125
1 0.9078125 0.5171875 0.0484375 0.040625
1 0.446875 0.771875 0.034375 0.0328125
1 0.2234375 0.70625 0.04375 0.046875
1 0.1328125 0.3828125 0.05 0.0359375
1 0.559375 0.5421875 0.0578125 0.0578125
1 0.2671875 0.3671875 0.03125 0.034375
1 0.1625 0.39375 0.071875 0.053125
1 0.9515625 0.459375 0.0890625 0.075
1 0.4453125 0.5515625 0.04375 0.0671875
1 0.7921875 0.375 0.071875 0.0828125
1 0.7125 0.5984375 0.05 0.0359375
1 0.465625 0.684375 0.0390625 0.0484375
1 0.2390625 0.4390625 0.0625 0.0640625
1 0.275 0.4640625 0.0453125 0.046875
1 0.74375 0.8234375 0.0734375 0.0859375
1 0.565625 0.8390625 0.0984375 0.075
1 0.971875 0.60625 0.05625 0.0984375
1 0.85625 0.434375 0.0953125 0.0734375
1 0.1359375 0.31875 0.078125 0.053125
1 0.63125 0.703125 0.075 0.0890625
1 0.028125 0.409375 0.0546875 0.0640625
1 0.50625 0.734375 0.0375 0.0453125
1 0.103125 0.60625 0.028125 0.0671875
1 0.8234375 0.7890625 0.0984375 0.125
1 0.0328125 0.475 0.065625 0.0921875
1 0.3921875 0.684375 0.040625 0.028125
1 0.784375 0.675 0.0390625 0.0421875
1 0.3015625 0.475 0.059375 0.0828125