1 0.475 0.36875 0.1671875 0.125
1 0.3578125 0.2359375 0.1546875 0.140625
1 0.30625 0.3875 0.1234375 0.140625
1 0.2078125 0.5796875 0.1296875 0.140625
1 0.21875 0.2578125 0.1390625 0.146875
1 0.675 0.596875 0.1828125 0.1609375
1 0.2171875 0.446875 0.10625 0.1171875
1 0.5671875 0.55 0.0984375 0.08125
1 0.565625 0.6359375 0.1265625 0.1421875
1 0.3953125 0.56875 0.1703125 0.1328125
1 0.3796875 0.44375 0.1046875 0.1015625
1 0.525 0.196875 0.1234375 0.090625
1 0.1171875 0.515625 0.1296875 0.1625
1 0.7609375 0.4234375 0.2 0.1484375
1 0.475 0.696875 0.1671875 0.196875
1 0.1078125 0.6765625 0.1015625 0.1515625