1 0.26875 0.34375 0.128125 0.1265625
1 0.2109375 0.4375 0.1140625 0.0921875
1 0.5375 0.490625 0.1234375 0.1453125
1 0.6609375 0.6796875 0.090625 0.0875
1 0.1609375 0.7625 0.1703125 0.1234375
1 0.540625 0.353125 0.0453125 0.04375
1 0.14375 0.3328125 0.1328125 0.128125
1 0.609375 0.290625 0.1375 0.059375
1 0.4890625 0.6546875 0.1390625 0.153125
1 0.70625 0.4578125 0.090625 0.146875
1 0.634375 0.5875 0.1640625 0.13125
1 0.2515625 0.5546875 0.1484375 0.1203125
1 0.603125 0.84375 0.0890625 0.1046875
1 0.240625 0.48125 0.1125 0.0671875
1 0.35 0.421875 0.1109375 0.1125
1 0.5296875 0.396875 0.06875 0.0453125
1 0.85625 0.8859375 0.1078125 0.1046875
1 0.934375 0.5328125 0.0484375 0.0640625
1 0.490625 0.7953125 0.16875 0.1125
1 0.65 0.35625 0.1390625 0.1109375
1 0.765625 0.7078125 0.1515625 0.1234375
1 0.140625 0.659375 0.0875 0.134375
1 0.1234375 0.5578125 0.1515625 0.1078125
1 0.8375 0.534375 0.0484375 0.090625
1 0.35 0.8234375 0.1265625 0.1140625
1 0.940625 0.840625 0.1 0.128125
1 0.3140625 0.240625 0.125 0.1078125
1 0.2328125 0.678125 0.140625 0.1234375
1 0.884375 0.6203125 0.0953125 0.1171875
1 0.378125 0.525 0.134375 0.1328125
1 0.603125 0.725 0.1375 0.1359375
1 0.7796875 0.5859375 0.121875 0.121875
1 0.984375 0.4109375 0.03125 0.0453125
1 0.8234375 0.3234375 0.065625 0.09375
1 0.1140625 0.465625 0.1109375 0.11875
1 0.240625 0.8421875 0.1453125 0.1609375
1 0.2015625 0.5265625 0.0671875 0.0625
1 0.884375 0.28125 0.05 0.0671875
1 0.0703125 0.7046875 0.1109375 0.115625
1 0.090625 0.246875 0.08125 0.0765625
1 0.45625 0.2078125 0.175 0.125
1 0.66875 0.86875 0.15 0.1421875
1 0.2109375 0.1921875 0.121875 0.1296875
1 0.9328125 0.34375 0.0359375 0.0359375
1 0.075 0.425 0.05625 0.05625
1 0.4765625 0.884375 0.1515625 0.1125
1 0.5875 0.353125 0.0546875 0.0546875
1 0.03125 0.3984375 0.053125 0.0609375
1 0.38125 0.6640625 0.1203125 0.1609375
1 0.865625 0.759375 0.1390625 0.1453125
1 0.6296875 0.896875 0.0765625 0.0859375
1 0.7109375 0.796875 0.0796875 0.065625
1 0.6109375 0.1734375 0.1265625 0.09375
1 0.05 0.8765625 0.0734375 0.071875
1 0.95 0.5828125 0.0421875 0.0625
1 0.7671875 0.321875 0.0859375 0.071875
1 0.7375 0.83125 0.1390625 0.1328125
1 0.0390625 0.4859375 0.078125 0.1375
1 0.0390625 0.328125 0.0734375 0.090625
1 0.109375 0.1671875 0.125 0.115625
1 0.425 0.1328125 0.246875 0.10625
1 0.1546875 0.915625 0.071875 0.05
1 0.953125 0.4859375 0.075 0.05625
1 0.76875 0.4453125 0.0953125 0.1765625
1 0.3578125 0.9015625 0.1328125 0.0734375
1 0.0375 0.228125 0.0625 0.06875
1 0.5359375 0.0890625 0.171875 0.0578125
1 0.015625 0.2578125 0.03125 0.10625
1 0.9671875 0.6796875 0.0640625 0.065625
1 0.23125 0.103125 0.1171875 0.0859375
1 0.0296875 0.6078125 0.059375 0.1265625
1 0.178125 0.28125 0.0890625 0.0703125
1 0.103125 0.6265625 0.121875 0.0578125
1 0.1875 0.903125 0.059375 0.071875
1 0.878125 0.5625 0.0640625 0.075
1 0.025 0.1703125 0.05 0.0734375
1 0.665625 0.109375 0.1265625 0.0953125
1 0.1375 0.0890625 0.084375 0.0546875
1 0.1875 0.0828125 0.059375 0.0453125
1 0.36875 0.3203125 0.09375 0.103125
1 0.0390625 0.8453125 0.0390625 0.0453125
1 0.325 0.0984375 0.103125 0.078125
1 0.0625 0.9171875 0.1078125 0.0421875