1 0.4140625 0.73125 0.0921875 0.11875
1 0.3546875 0.5484375 0.14375 0.134375
1 0.475 0.5859375 0.0765625 0.0921875
1 0.5265625 0.4515625 0.0828125 0.0859375
1 0.5078125 0.69375 0.1125 0.1109375
1 0.5234375 0.78125 0.09375 0.065625
1 0.6203125 0.8734375 0.1125 0.1125
1 0.3171875 0.6421875 0.1140625 0.09375
1 0.521875 0.8453125 0.096875 0.0765625
1 0.4265625 0.2640625 0.109375 0.0890625
1 0.440625 0.3640625 0.10625 0.0796875
1 0.7921875 0.5046875 0.0828125 0.08125
1 0.590625 0.4046875 0.1 0.0859375
1 0.753125 0.446875 0.071875 0.08125
1 0.275 0.85 0.125 0.121875
1 0.5390625 0.55 0.0765625 0.0859375
1 0.2609375 0.71875 0.16875 0.15
1 0.5171875 0.190625 0.0703125 0.06875
1 0.6546875 0.28125 0.09375 0.06875
1 0.7765625 0.603125 0.071875 0.0984375
1 0.73125 0.540625 0.0546875 0.06875
1 0.409375 0.1703125 0.059375 0.0546875
1 0.690625 0.6296875 0.075 0.08125
1 0.840625 0.4359375 0.0625 0.0671875
1 0.8203125 0.35 0.0640625 0.05625
1 0.703125 0.7375 0.075 0.0734375
1 0.3765625 0.4265625 0.1 0.0765625
1 0.6484375 0.7796875 0.0734375 0.0859375
1 0.734375 0.315625 0.0765625 0.059375
1 0.8421875 0.5375 0.0609375 0.0703125
1 0.24375 0.3171875 0.11875 0.10625
1 0.553125 0.259375 0.0828125 0.0578125
1 0.65 0.55 0.1140625 0.09375
1 0.5890625 0.2125 0.0734375 0.0640625
1 0.38125 0.85 0.125 0.14375
1 0.553125 0.646875 0.1140625 0.096875
1 0.640625 0.684375 0.071875 0.08125
1 0.35 0.1859375 0.0765625 0.0796875
1 0.4859375 0.3984375 0.0796875 0.0671875
1 0.2609375 0.5125 0.078125 0.1
1 0.653125 0.4734375 0.065625 0.0796875
1 0.178125 0.5984375 0.10625 0.1
1 0.4125 0.103125 0.0859375 0.0609375