1 0.6203125 0.796875 0.1671875 0.14375
1 0.8015625 0.4828125 0.134375 0.109375
1 0.35 0.7921875 0.15625 0.115625
1 0.5609375 0.9109375 0.1453125 0.1140625
1 0.35 0.35625 0.0984375 0.103125
1 0.7015625 0.5546875 0.1015625 0.1234375
1 0.3984375 0.9046875 0.134375 0.1390625
1 0.5890625 0.2890625 0.1046875 0.1015625
1 0.353125 0.696875 0.15 0.0953125
1 0.6953125 0.3765625 0.115625 0.1
1 0.5328125 0.4609375 0.125 0.09375
1 0.8265625 0.8234375 0.096875 0.121875
1 0.19375 0.465625 0.1140625 0.1
1 0.4109375 0.4703125 0.0984375 0.09375
1 0.2640625 0.3703125 0.0875 0.10625
1 0.2015625 0.909375 0.1140625 0.1015625
1 0.5390625 0.5578125 0.1109375 0.1140625
1 0.2578125 0.840625 0.09375 0.0984375
1 0.6125 0.3796875 0.1078125 0.071875
1 0.4875 0.2578125 0.0828125 0.084375
1 0.490625 0.8046875 0.0875 0.1140625
1 0.5140625 0.3515625 0.0859375 0.0890625
1 0.4515625 0.6359375 0.0875 0.0890625
1 0.284375 0.259375 0.0890625 0.0671875
1 0.796875 0.4078125 0.103125 0.059375
1 0.41875 0.2859375 0.090625 0.0734375
1 0.478125 0.728125 0.103125 0.103125
1 0.3890625 0.421875 0.0984375 0.0671875
1 0.5265625 0.203125 0.0703125 0.0609375
1 0.378125 0.2046875 0.0703125 0.084375
1 0.328125 0.5 0.0921875 0.0765625
1 0.6265625 0.54375 0.078125 0.1
1 0.790625 0.746875 0.103125 0.0828125
1 0.4390625 0.35625 0.078125 0.0765625
1 0.3640625 0.5453125 0.1171875 0.1
1 0.71875 0.8453125 0.1046875 0.1234375
1 0.246875 0.5703125 0.11875 0.084375
1 0.7015625 0.2859375 0.09375 0.0625
1 0.31875 0.615625 0.084375 0.06875
1 0.68125 0.215625 0.0703125 0.084375
1 0.80625 0.934375 0.125 0.1296875
1 0.18125 0.425 0.084375 0.0609375