1 0.35625 0.7625 0.1484375 0.140625
1 0.6375 0.746875 0.1640625 0.1203125
1 0.590625 0.871875 0.146875 0.1453125
1 0.7484375 0.6046875 0.1046875 0.0921875
1 0.1625 0.4484375 0.078125 0.109375
1 0.6265625 0.6453125 0.1578125 0.1
1 0.2453125 0.5171875 0.1015625 0.128125
1 0.3546875 0.234375 0.10625 0.10625
1 0.6125 0.29375 0.1109375 0.1078125
1 0.4171875 0.51875 0.1125 0.1234375
1 0.4578125 0.953125 0.18125 0.09375
1 0.1578125 0.296875 0.06875 0.084375
1 0.6984375 0.3015625 0.10625 0.1140625
1 0.8 0.8609375 0.1203125 0.103125
1 0.3265625 0.33125 0.1109375 0.0734375
1 0.3140625 0.4 0.1125 0.0921875
1 0.55 0.409375 0.1109375 0.1015625
1 0.240625 0.334375 0.1265625 0.1046875
1 0.41875 0.4140625 0.128125 0.09375
1 0.6640625 0.9625 0.1921875 0.0734375
1 0.24375 0.8203125 0.1171875 0.1265625
1 0.4875 0.76875 0.0953125 0.121875
1 0.7328125 0.796875 0.1078125 0.1140625
1 0.8109375 0.95625 0.10625 0.084375
1 0.4578125 0.1953125 0.0890625 0.0890625
1 0.8375 0.5921875 0.0765625 0.08125
1 0.5328125 0.225 0.096875 0.078125
1 0.4328125 0.2953125 0.09375 0.090625
1 0.5734375 0.3609375 0.1046875 0.065625
1 0.49375 0.684375 0.1125 0.1078125
1 0.4109375 0.14375 0.0734375 0.0625
1 0.64375 0.4421875 0.0984375 0.075
1 0.68125 0.190625 0.1140625 0.06875
1 0.5140625 0.296875 0.0828125 0.08125
1 0.7875 0.4 0.1203125 0.10625
1 0.7375 0.5109375 0.1359375 0.0859375
1 0.325 0.503125 0.0796875 0.1015625
1 0.1578125 0.2109375 0.0671875 0.071875
1 0.521875 0.590625 0.0984375 0.0921875
1 0.16875 0.9234375 0.0890625 0.15
1 0.784375 0.2796875 0.084375 0.084375
1 0.1578125 0.3703125 0.0671875 0.0625
1 0.2421875 0.9515625 0.1171875 0.090625
1 0.796875 0.353125 0.0921875 0.0625
1 0.6609375 0.5625 0.0875 0.071875
1 0.325 0.1703125 0.0828125 0.1046875
1 0.8359375 0.6859375 0.0765625 0.1078125
1 0.159375 0.7203125 0.071875 0.0734375
1 0.2375 0.2671875 0.1046875 0.0671875
1 0.1671875 0.653125 0.075 0.075
1 0.415625 0.8828125 0.1640625 0.1296875
1 0.83125 0.159375 0.0859375 0.059375
1 0.25 0.6328125 0.1015625 0.084375
1 0.815625 0.7734375 0.078125 0.08125
1 0.5015625 0.484375 0.0703125 0.09375
1 0.5734375 0.140625 0.0890625 0.0890625
1 0.35 0.5828125 0.0859375 0.0703125
1 0.303125 0.6765625 0.096875 0.065625
1 0.8484375 0.2 0.0515625 0.059375
1 0.153125 0.7953125 0.0578125 0.115625
1 0.6234375 0.4921875 0.090625 0.084375
1 0.16875 0.6125 0.0703125 0.0609375
1 0.1625 0.534375 0.065625 0.071875
1 0.3375 0.9609375 0.08125 0.078125
1 0.240625 0.1203125 0.065625 0.0390625
1 0.2484375 0.159375 0.078125 0.0921875
1 0.5609375 0.4984375 0.075 0.0625