1 0.30625 0.4546875 0.1796875 0.1390625
1 0.19375 0.453125 0.1453125 0.159375
1 0.415625 0.221875 0.175 0.1109375
1 0.4671875 0.3125 0.1734375 0.13125
1 0.3078125 0.30625 0.15 0.103125
1 0.125 0.328125 0.140625 0.1390625
1 0.7265625 0.41875 0.1515625 0.1375
1 0.2828125 0.6671875 0.1984375 0.1609375
1 0.6140625 0.6671875 0.1296875 0.1671875
1 0.746875 0.55625 0.15 0.1546875
1 0.5359375 0.415625 0.1234375 0.109375
1 0.2265625 0.209375 0.1875 0.115625
1 0.596875 0.4984375 0.1515625 0.11875
1 0.515625 0.7078125 0.1546875 0.1734375
1 0.4 0.409375 0.15 0.1375
1 0.621875 0.3546875 0.1328125 0.13125
1 0.2453125 0.3640625 0.1390625 0.0953125
1 0.1203125 0.6 0.1640625 0.1203125
1 0.696875 0.7515625 0.1359375 0.175
1 0.428125 0.58125 0.1671875 0.19375
1 0.078125 0.4359375 0.109375 0.11875
1 0.284375 0.5421875 0.153125 0.11875
1 0.8875 0.5578125 0.14375 0.146875
1 0.7890625 0.7234375 0.11875 0.125
1 0.5359375 0.58125 0.109375 0.0984375
1 0.346875 0.7609375 0.146875 0.13125
1 0.8609375 0.7171875 0.115625 0.153125
1 0.63125 0.278125 0.13125 0.071875
1 0.8125 0.8109375 0.165625 0.071875
1 0.85625 0.440625 0.1171875 0.1140625
1 0.628125 0.2 0.1125 0.0953125
1 0.540625 0.2296875 0.0875 0.1078125
1 0.11875 0.5265625 0.15 0.090625
1 0.9375 0.634375 0.125 0.1140625
1 0.953125 0.7421875 0.0890625 0.121875
1 0.209375 0.2796875 0.0859375 0.071875