1 0.45625 0.546875 0.1421875 0.15
1 0.8109375 0.571875 0.1125 0.071875
1 0.74375 0.7015625 0.1546875 0.1296875
1 0.4390625 0.375 0.1234375 0.1421875
1 0.6875 0.60625 0.1171875 0.1125
1 0.559375 0.734375 0.11875 0.1171875
1 0.703125 0.2703125 0.1203125 0.125
1 0.5484375 0.8390625 0.1421875 0.1453125
1 0.74375 0.371875 0.103125 0.0921875
1 0.8328125 0.6609375 0.1 0.11875
1 0.615625 0.340625 0.1109375 0.1109375
1 0.828125 0.4109375 0.1078125 0.103125
1 0.3359375 0.453125 0.1484375 0.1328125
1 0.5765625 0.4328125 0.128125 0.13125
1 0.821875 0.2796875 0.1203125 0.1265625
1 0.4390625 0.7828125 0.1453125 0.1453125
1 0.6578125 0.7640625 0.128125 0.1578125
1 0.196875 0.553125 0.134375 0.125
1 0.7 0.48125 0.1359375 0.1171875
1 0.925 0.5765625 0.1296875 0.134375
1 0.796875 0.8921875 0.1140625 0.09375
1 0.203125 0.6796875 0.1390625 0.1359375
1 0.353125 0.8 0.053125 0.05
1 0.1578125 0.5171875 0.0625 0.0625
1 0.340625 0.5953125 0.1265625 0.1359375
1 0.703125 0.8984375 0.071875 0.0828125
1 0.91875 0.45 0.1171875 0.13125
1 0.2046875 0.4296875 0.1203125 0.121875
1 0.5578125 0.5703125 0.115625 0.1515625
1 0.328125 0.715625 0.0765625 0.10625
1 0.9796875 0.3625 0.040625 0.11875
1 0.4359375 0.6796875 0.159375 0.1109375
1 0.296875 0.8578125 0.1328125 0.10625
1 0.6765625 0.1625 0.1140625 0.1078125
1 0.3765625 0.75625 0.0546875 0.075
1 0.440625 0.240625 0.10625 0.1265625
1 0.29375 0.753125 0.0671875 0.103125
1 0.775 0.6046875 0.0625 0.134375
1 0.2921875 0.546875 0.09375 0.0984375
1 0.3921875 0.1625 0.10625 0.059375
1 0.0875 0.725 0.1125 0.125
1 0.0953125 0.5890625 0.1265625 0.1515625
1 0.646875 0.55 0.0671875 0.0578125
1 0.20625 0.7953125 0.13125 0.1546875
1 0.9421875 0.7109375 0.1140625 0.1484375
1 0.196875 0.1640625 0.0578125 0.1015625
1 0.778125 0.1328125 0.10625 0.128125
1 0.965625 0.2375 0.0671875 0.1234375
1 0.2875 0.3109375 0.08125 0.16875
1 0.1078125 0.8828125 0.140625 0.1078125
1 0.8125 0.7875 0.171875 0.15625
1 0.0328125 0.225 0.0328125 0.034375
1 0.4265625 0.9015625 0.15625 0.0734375
1 0.7140625 0.4140625 0.0984375 0.06875
1 0.3515625 0.2875 0.1 0.184375
1 0.9359375 0.3609375 0.05625 0.0890625
1 0.15625 0.375 0.0484375 0.1046875
1 0.03125 0.6578125 0.0609375 0.11875
1 0.878125 0.1234375 0.1140625 0.1171875
1 0.0375 0.8015625 0.075 0.1328125
1 0.8859375 0.203125 0.09375 0.06875
1 0.91875 0.2703125 0.0859375 0.1296875
1 0.15 0.1140625 0.05 0.05625
1 0.7921875 0.2265625 0.0671875 0.059375
1 0.096875 0.1703125 0.0265625 0.0328125
1 0.0703125 0.35625 0.046875 0.0578125
1 0.021875 0.490625 0.0421875 0.0640625
1 0.128125 0.828125 0.065625 0.0546875
1 0.0234375 0.575 0.046875 0.0828125
1 0.95 0.134375 0.0703125 0.1046875
1 0.059375 0.4453125 0.0578125 0.0828125
1 0.0484375 0.40625 0.046875 0.0765625
1 0.590625 0.1046875 0.1640625 0.090625
1 0.325 0.103125 0.11875 0.0875
1 0.4578125 0.1125 0.159375 0.103125
1 0.01875 0.2859375 0.034375 0.0609375
1 0.2234375 0.296875 0.0765625 0.2
1 0.1640625 0.7703125 0.05625 0.09375
1 0.246875 0.1203125 0.1296875 0.1203125
1 0.0203125 0.7484375 0.040625 0.0578125