1 0.428125 0.475 0.08125 0.071875
1 0.471875 0.7171875 0.0953125 0.1265625
1 0.484375 0.4796875 0.065625 0.065625
1 0.115625 0.44375 0.109375 0.121875
1 0.415625 0.690625 0.0859375 0.1046875
1 0.54375 0.659375 0.065625 0.10625
1 0.65625 0.753125 0.046875 0.0390625
1 0.7921875 0.2515625 0.071875 0.0796875
1 0.7125 0.6328125 0.0515625 0.034375
1 0.2078125 0.4265625 0.0984375 0.1078125
1 0.746875 0.753125 0.1046875 0.1265625
1 0.3125 0.415625 0.075 0.0953125
1 0.49375 0.59375 0.0609375 0.0578125
1 0.828125 0.33125 0.05625 0.05625
1 0.1640625 0.3046875 0.0984375 0.109375
1 0.790625 0.4390625 0.0453125 0.0609375
1 0.9140625 0.365625 0.1015625 0.1140625
1 0.6515625 0.825 0.06875 0.090625
1 0.9265625 0.1796875 0.0359375 0.034375
1 0.3421875 0.7578125 0.0453125 0.0546875
1 0.0953125 0.790625 0.0890625 0.14375
1 0.584375 0.6484375 0.04375 0.04375
1 0.796875 0.35625 0.0921875 0.1140625
1 0.715625 0.6671875 0.0515625 0.04375
1 0.5765625 0.8109375 0.1015625 0.115625
1 0.8828125 0.778125 0.096875 0.1375
1 0.9578125 0.278125 0.0828125 0.0921875
1 0.8515625 0.2453125 0.05 0.040625
1 0.2984375 0.5765625 0.0640625 0.053125
1 0.2640625 0.684375 0.05 0.0546875
1 0.465625 0.54375 0.0515625 0.0421875
1 0.95625 0.21875 0.075 0.0640625
1 0.275 0.6296875 0.065625 0.0609375
1 0.278125 0.5234375 0.0484375 0.0421875
1 0.534375 0.7796875 0.059375 0.06875
1 0.796875 0.4828125 0.0390625 0.0421875
1 0.1078125 0.6484375 0.1328125 0.11875
1 0.0828125 0.5359375 0.0390625 0.04375
1 0.86875 0.2796875 0.0765625 0.0796875
1 0.3359375 0.7140625 0.04375 0.0484375
1 0.98125 0.7296875 0.0359375 0.0796875
1 0.61875 0.64375 0.0484375 0.053125
1 0.290625 0.8421875 0.0890625 0.0625
1 0.7921875 0.515625 0.0421875 0.053125
1 0.215625 0.56875 0.0453125 0.0625
1 0.203125 0.609375 0.04375 0.05625
1 0.6921875 0.5546875 0.0390625 0.0625
1 0.8234375 0.209375 0.0375 0.04375
1 0.0328125 0.5875 0.0453125 0.040625
1 0.7109375 0.7109375 0.0578125 0.065625