1 0.45625 0.3984375 0.0515625 0.0828125
1 0.521875 0.5015625 0.0359375 0.06875
1 0.496875 0.3796875 0.034375 0.05
1 0.4296875 0.51875 0.05 0.0640625
1 0.5421875 0.396875 0.0359375 0.075
1 0.615625 0.3421875 0.034375 0.0796875
1 0.58125 0.4 0.0296875 0.0734375
1 0.478125 0.60625 0.04375 0.0765625
1 0.509375 0.284375 0.0390625 0.084375
1 0.4078125 0.240625 0.0390625 0.096875
1 0.428125 0.675 0.0578125 0.071875
1 0.5859375 0.265625 0.040625 0.0734375
1 0.45 0.20625 0.04375 0.0625
1 0.665625 0.203125 0.0390625 0.0578125
1 0.55625 0.3546875 0.0359375 0.046875
1 0.5859375 0.4453125 0.05 0.03125
1 0.55 0.2875 0.0375 0.0921875
1 0.609375 0.2875 0.03125 0.05
1 0.6546875 0.253125 0.078125 0.0484375
1 0.25625 0.6953125 0.040625 0.0859375
1 0.4390625 0.609375 0.04375 0.0671875
1 0.721875 0.303125 0.0515625 0.06875
1 0.2546875 0.6203125 0.09375 0.0703125
1 0.584375 0.321875 0.0328125 0.0421875
1 0.484375 0.51875 0.0609375 0.084375
1 0.3390625 0.634375 0.0609375 0.046875
1 0.946875 0.2484375 0.053125 0.0625
1 0.59375 0.209375 0.034375 0.05
1 0.440625 0.2515625 0.0375 0.053125
1 0.625 0.209375 0.03125 0.0484375
1 0.58125 0.584375 0.0625 0.0390625
1 0.7 0.3984375 0.0734375 0.0421875
1 0.334375 0.35 0.08125 0.1265625
1 0.7234375 0.6296875 0.0640625 0.04375
1 0.5625 0.753125 0.034375 0.0375
1 0.8703125 0.50625 0.075 0.0421875
1 0.0953125 0.2765625 0.1109375 0.0484375
1 0.14375 0.246875 0.109375 0.0578125
1 0.6484375 0.4328125 0.0515625 0.0609375
1 0.6625 0.534375 0.0546875 0.0390625
1 0.7640625 0.271875 0.0375 0.0671875