1 0.68125 0.653125 0.09375 0.1203125
1 0.75 0.5703125 0.1078125 0.1296875
1 0.5546875 0.8 0.15 0.1015625
1 0.715625 0.509375 0.09375 0.0984375
1 0.35625 0.31875 0.103125 0.0875
1 0.809375 0.8171875 0.1265625 0.1421875
1 0.2984375 0.6078125 0.159375 0.121875
1 0.3 0.3828125 0.0921875 0.0765625
1 0.48125 0.5296875 0.1234375 0.0890625
1 0.6234375 0.259375 0.10625 0.0765625
1 0.4328125 0.603125 0.1125 0.103125
1 0.3484375 0.4953125 0.14375 0.13125
1 0.5828125 0.13125 0.1046875 0.0921875
1 0.5625 0.925 0.13125 0.1484375
1 0.40625 0.43125 0.121875 0.140625
1 0.8125 0.396875 0.0890625 0.1078125
1 0.5359375 0.2078125 0.0859375 0.0671875
1 0.5328125 0.2703125 0.10625 0.075
1 0.7875 0.4453125 0.096875 0.0953125
1 0.6890625 0.7625 0.115625 0.0921875
1 0.40625 0.7296875 0.1265625 0.1515625
1 0.7421875 0.1859375 0.090625 0.0890625
1 0.3078125 0.7890625 0.1796875 0.196875
1 0.6671875 0.8515625 0.115625 0.1125
1 0.5265625 0.68125 0.1703125 0.165625
1 0.35625 0.2515625 0.059375 0.065625
1 0.7140625 0.2453125 0.0796875 0.0796875
1 0.7078125 0.3890625 0.1171875 0.1265625
1 0.646875 0.184375 0.121875 0.09375
1 0.646875 0.465625 0.1203125 0.109375
1 0.4625 0.2140625 0.0609375 0.0546875
1 0.525 0.45 0.109375 0.0890625
1 0.75 0.3546875 0.0578125 0.059375
1 0.4453125 0.3453125 0.075 0.0796875
1 0.8171875 0.2125 0.084375 0.096875
1 0.7703125 0.290625 0.0890625 0.0828125
1 0.4890625 0.4015625 0.06875 0.0625
1 0.4296875 0.2625 0.1109375 0.096875
1 0.240625 0.478125 0.090625 0.13125
1 0.48125 0.10625 0.09375 0.0625
1 0.7 0.3203125 0.059375 0.065625
1 0.56875 0.4125 0.0453125 0.0484375
1 0.5703125 0.51875 0.065625 0.0625
1 0.4359375 0.9140625 0.1828125 0.1703125
1 0.578125 0.5875 0.05 0.0546875
1 0.853125 0.7078125 0.0453125 0.109375
1 0.1765625 0.7828125 0.1046875 0.15
1 0.84375 0.296875 0.0609375 0.103125
1 0.196875 0.39375 0.0875 0.0734375
1 0.2875 0.246875 0.0984375 0.0984375
1 0.7734375 0.0984375 0.08125 0.0859375
1 0.7421875 0.7 0.0625 0.103125
1 0.1640625 0.471875 0.0796875 0.11875
1 0.5328125 0.06875 0.090625 0.0796875
1 0.23125 0.309375 0.109375 0.090625
1 0.459375 0.153125 0.1296875 0.0859375
1 0.209375 0.5640625 0.0890625 0.0828125
1 0.6734375 0.9515625 0.1125 0.096875
1 0.7390625 0.875 0.090625 0.103125
1 0.43125 0.0515625 0.09375 0.0921875
1 0.39375 0.15 0.065625 0.0796875
1 0.640625 0.55 0.0828125 0.0734375
1 0.8078125 0.6984375 0.078125 0.096875
1 0.7015625 0.1265625 0.071875 0.059375
1 0.153125 0.8875 0.0578125 0.0921875
1 0.64375 0.1078125 0.05 0.065625