1 0.4109375 0.21875 0.0546875 0.0421875
1 0.4734375 0.58125 0.0734375 0.0859375
1 0.4171875 0.621875 0.0828125 0.0875
1 0.4140625 0.7296875 0.09375 0.121875
1 0.2734375 0.8484375 0.1296875 0.128125
1 0.5375 0.55 0.075 0.084375
1 0.58125 0.2203125 0.0796875 0.0703125
1 0.3328125 0.4609375 0.0546875 0.0515625
1 0.5796875 0.31875 0.0875 0.06875
1 0.5078125 0.69375 0.1125 0.1109375
1 0.4640625 0.23125 0.075 0.075
1 0.640625 0.6828125 0.071875 0.08125
1 0.3140625 0.64375 0.11875 0.096875
1 0.3765625 0.4265625 0.0984375 0.0765625
1 0.6515625 0.4171875 0.04375 0.0484375
1 0.6875 0.465625 0.06875 0.075
1 0.65625 0.28125 0.09375 0.0703125
1 0.6984375 0.39375 0.0671875 0.0609375
1 0.484375 0.5140625 0.05625 0.0546875
1 0.7296875 0.3125 0.078125 0.0625
1 0.4390625 0.3640625 0.103125 0.078125
1 0.790625 0.5046875 0.08125 0.0828125
1 0.525 0.45 0.084375 0.0859375
1 0.5140625 0.1921875 0.0734375 0.0703125
1 0.6484375 0.78125 0.071875 0.084375
1 0.6203125 0.6140625 0.0640625 0.0609375
1 0.6828125 0.5453125 0.0625 0.08125
1 0.675 0.221875 0.0796875 0.0578125
1 0.259375 0.7203125 0.1671875 0.14375
1 0.3015625 0.2 0.065625 0.0671875
1 0.6625 0.3546875 0.0671875 0.0703125
1 0.553125 0.64375 0.1125 0.0921875
1 0.35 0.1828125 0.0765625 0.0765625
1 0.3328125 0.3890625 0.0765625 0.0625
1 0.6453125 0.1796875 0.06875 0.0640625
1 0.6140625 0.36875 0.046875 0.046875
1 0.5375 0.159375 0.034375 0.040625
1 0.690625 0.63125 0.071875 0.0796875
1 0.5203125 0.7796875 0.1 0.0671875
1 0.178125 0.6015625 0.1078125 0.1046875
1 0.2390625 0.5703125 0.0625 0.05
1 0.3359375 0.303125 0.0921875 0.0921875
1 0.35625 0.1265625 0.05 0.046875
1 0.4421875 0.14375 0.0578125 0.0484375
1 0.575 0.5109375 0.046875 0.0484375
1 0.8171875 0.35 0.065625 0.0578125
1 0.840625 0.4328125 0.065625 0.075
1 0.7484375 0.4515625 0.0734375 0.0859375
1 0.6375 0.5703125 0.06875 0.053125
1 0.378125 0.475 0.08125 0.05625
1 0.6203125 0.8734375 0.1125 0.1171875
1 0.6953125 0.6890625 0.0515625 0.0453125
1 0.24375 0.3171875 0.115625 0.1078125
1 0.73125 0.540625 0.053125 0.06875
1 0.4859375 0.3953125 0.0796875 0.0703125
1 0.84375 0.6328125 0.059375 0.06875
1 0.790625 0.409375 0.05625 0.05625
1 0.578125 0.153125 0.0625 0.0625
1 0.7453125 0.3703125 0.075 0.0640625
1 0.2640625 0.2421875 0.0625 0.05625
1 0.54375 0.3421875 0.0734375 0.06875
1 0.703125 0.7390625 0.078125 0.075
1 0.45625 0.45625 0.0625 0.06875
1 0.65 0.4828125 0.0640625 0.0765625
1 0.546875 0.2609375 0.096875 0.0625
1 0.58125 0.81875 0.059375 0.0765625
1 0.7859375 0.6578125 0.0625 0.0515625
1 0.503125 0.1140625 0.05625 0.0421875
1 0.5765625 0.103125 0.0640625 0.046875
1 0.840625 0.540625 0.0640625 0.071875
1 0.3265625 0.25 0.0734375 0.040625
1 0.50625 0.3140625 0.046875 0.0515625
1 0.8234375 0.284375 0.034375 0.0359375
1 0.434375 0.053125 0.0453125 0.040625
1 0.521875 0.84375 0.096875 0.078125
1 0.38125 0.8484375 0.121875 0.140625
1 0.4078125 0.1703125 0.0625 0.0578125
1 0.5078125 0.078125 0.0625 0.0421875
1 0.215625 0.4359375 0.0953125 0.09375
1 0.7046875 0.803125 0.0640625 0.0640625
1 0.8375 0.384375 0.053125 0.0515625
1 0.74375 0.259375 0.075 0.05625
1 0.2 0.3734375 0.0875 0.06875
1 0.4703125 0.91875 0.065625 0.0859375
1 0.21875 0.6765625 0.0859375 0.1078125
1 0.8109375 0.453125 0.0515625 0.040625
1 0.6109375 0.5265625 0.0578125 0.05625
1 0.8484375 0.3125 0.0390625 0.040625
1 0.565625 0.0703125 0.053125 0.034375
1 0.8109375 0.5859375 0.053125 0.0734375
1 0.7765625 0.7109375 0.0828125 0.09375
1 0.1515625 0.7640625 0.0546875 0.1171875
1 0.4125 0.103125 0.084375 0.0625
1 0.15 0.428125 0.0515625 0.0796875
1 0.6421875 0.1234375 0.0546875 0.0375
1 0.196875 0.8015625 0.05625 0.0703125
1 0.6109375 0.75625 0.0515625 0.06875
1 0.5203125 0.94375 0.0640625 0.0578125
1 0.4828125 0.0484375 0.0421875 0.0390625
1 0.153125 0.6703125 0.0578125 0.065625
1 0.3171875 0.9796875 0.08125 0.0390625
1 0.4328125 0.5484375 0.0421875 0.0625
1 0.15 0.3515625 0.053125 0.096875
1 0.515625 0.0140625 0.053125 0.0265625
1 0.1953125 0.8859375 0.0671875 0.0828125
1 0.4796875 0.0140625 0.0453125 0.028125
1 0.8546875 0.18125 0.0203125 0.021875
1 0.5546875 0.9515625 0.078125 0.078125
1 0.6625 0.153125 0.053125 0.0484375
1 0.846875 0.4984375 0.0546875 0.04375
1 0.559375 0.028125 0.0359375 0.0390625
1 0.834375 0.6890625 0.0375 0.040625