1 0.384375 0.6671875 0.040625 0.0265625
1 0.7296875 0.6890625 0.040625 0.040625
1 0.10625 0.4546875 0.0796875 0.075
1 0.521875 0.7671875 0.0453125 0.05
1 0.2609375 0.3875 0.040625 0.03125
1 0.040625 0.38125 0.0703125 0.0578125
1 0.2125 0.478125 0.0828125 0.084375
1 0.3828125 0.69375 0.0375 0.034375
1 0.175 0.415625 0.071875 0.0671875
1 0.553125 0.5453125 0.059375 0.059375
1 0.684375 0.4828125 0.0640625 0.0703125
1 0.325 0.6171875 0.0265625 0.0359375
1 0.6703125 0.74375 0.0359375 0.0421875
1 0.1015625 0.3921875 0.0828125 0.0703125
1 0.759375 0.4921875 0.08125 0.075
1 0.315625 0.5265625 0.03125 0.0421875
1 0.846875 0.653125 0.1015625 0.0828125
1 0.9609375 0.6375 0.0703125 0.0953125
1 0.2546875 0.7796875 0.0671875 0.1
1 0.675 0.709375 0.0375 0.0421875
1 0.7921875 0.8078125 0.0921875 0.1078125
1 0.184375 0.3765625 0.065625 0.053125
1 0.13125 0.8359375 0.065625 0.0765625
1 0.440625 0.55 0.0515625 0.0734375
1 0.5484375 0.628125 0.0453125 0.0421875
1 0.5953125 0.540625 0.0671875 0.059375
1 0.8609375 0.5703125 0.03125 0.03125
1 0.715625 0.8234375 0.0703125 0.0828125
1 0.3859375 0.7265625 0.0421875 0.0515625
1 0.6125 0.7046875 0.0734375 0.090625
1 0.7 0.6078125 0.0484375 0.0375
1 0.3171875 0.709375 0.0453125 0.0484375
1 0.140625 0.7328125 0.103125 0.121875
1 0.6046875 0.7953125 0.0328125 0.0359375
1 0.3203125 0.5921875 0.034375 0.04375
1 0.165625 0.3 0.0703125 0.046875
1 0.9234375 0.7046875 0.0859375 0.0703125
1 0.7171875 0.646875 0.053125 0.04375
1 0.0609375 0.4796875 0.06875 0.0609375
1 0.43125 0.753125 0.0375 0.0328125
1 0.2015625 0.3421875 0.028125 0.0265625
1 0.7109375 0.5703125 0.0421875 0.0328125
1 0.7921875 0.4015625 0.0734375 0.075
1 0.4546875 0.6734375 0.0390625 0.05
1 0.2171875 0.675 0.0421875 0.0375
1 0.35625 0.75625 0.084375 0.0953125
1 0.809375 0.765625 0.053125 0.0640625
1 0.1828125 0.825 0.0625 0.0890625
1 0.5390625 0.834375 0.0984375 0.08125
1 0.9359375 0.5609375 0.1015625 0.05625
1 0.4890625 0.8046875 0.0828125 0.1078125
1 0.9703125 0.7515625 0.040625 0.0453125
1 0.3078125 0.3875 0.059375 0.0640625
1 0.41875 0.8484375 0.0796875 0.05
1 0.853125 0.465625 0.096875 0.0703125
1 0.5140625 0.68125 0.0546875 0.078125
1 0.0625 0.5296875 0.0421875 0.040625
1 0.153125 0.365625 0.046875 0.0375
1 0.565625 0.71875 0.0796875 0.09375
1 0.28125 0.3578125 0.0296875 0.0328125
1 0.2796875 0.85625 0.0546875 0.034375
1 0.94375 0.4921875 0.0890625 0.06875
1 0.121875 0.5625 0.0375 0.0671875
1 0.253125 0.4203125 0.059375 0.0625
1 0.8328125 0.503125 0.084375 0.0859375
1 0.8921875 0.5421875 0.0453125 0.0359375
1 0.2953125 0.4640625 0.0671875 0.071875
1 0.8640625 0.7546875 0.059375 0.1