1 0.171875 0.515625 0.0921875 0.1015625
1 0.1265625 0.4046875 0.0921875 0.109375
1 0.4109375 0.496875 0.109375 0.103125
1 0.246875 0.4546875 0.1078125 0.103125
1 0.2140625 0.3703125 0.0890625 0.0984375
1 0.65625 0.48125 0.1046875 0.1109375
1 0.6265625 0.74375 0.1109375 0.11875
1 0.0828125 0.790625 0.1109375 0.13125
1 0.490625 0.565625 0.1140625 0.0953125
1 0.678125 0.6484375 0.1203125 0.1265625
1 0.04375 0.709375 0.0859375 0.146875
1 0.5125 0.75 0.10625 0.1359375
1 0.6375 0.5921875 0.1265625 0.1078125
1 0.559375 0.6875 0.0984375 0.103125
1 0.2375 0.7703125 0.10625 0.128125
1 0.184375 0.6796875 0.1015625 0.1171875
1 0.73125 0.3859375 0.09375 0.109375
1 0.75625 0.7453125 0.1125 0.1328125
1 0.7859375 0.4625 0.1234375 0.0953125
1 0.0578125 0.44375 0.1 0.0984375
1 0.8265625 0.353125 0.0921875 0.1359375
1 0.9078125 0.221875 0.096875 0.1203125
1 0.0421875 0.5828125 0.084375 0.1078125
1 0.6703125 0.3046875 0.0984375 0.1078125
1 0.228125 0.609375 0.1171875 0.0734375
1 0.4828125 0.3875 0.1125 0.1078125
1 0.903125 0.803125 0.0921875 0.1
1 0.8109375 0.63125 0.0984375 0.1046875
1 0.2890625 0.86875 0.109375 0.1328125
1 0.4890625 0.9015625 0.109375 0.0765625
1 0.5890625 0.3875 0.103125 0.115625
1 0.865625 0.68125 0.0953125 0.121875
1 0.421875 0.75625 0.1015625 0.128125
1 0.8875 0.4375 0.1046875 0.1015625
1 0.3453125 0.459375 0.0890625 0.096875
1 0.9484375 0.55625 0.103125 0.1015625
1 0.34375 0.5859375 0.1140625 0.0890625
1 0.9171875 0.35625 0.096875 0.096875
1 0.9 0.1171875 0.1109375 0.096875
1 0.2921875 0.665625 0.11875 0.1078125
1 0.84375 0.5328125 0.1296875 0.11875
1 0.4203125 0.6640625 0.103125 0.1015625
1 0.534375 0.5078125 0.1296875 0.103125
1 0.334375 0.771875 0.084375 0.1046875
1 0.9671875 0.4578125 0.0640625 0.0953125
1 0.090625 0.6671875 0.0875 0.1015625
1 0.2625 0.540625 0.08125 0.0859375
1 0.6125 0.9 0.115625 0.078125
1 0.175 0.8796875 0.109375 0.121875
1 0.8625 0.309375 0.071875 0.06875
1 0.75 0.290625 0.0734375 0.0703125
1 0.140625 0.2828125 0.0640625 0.084375
1 0.1046875 0.5875 0.075 0.078125
1 0.753125 0.2421875 0.0703125 0.071875
1 0.975 0.6796875 0.0484375 0.1328125
1 0.5421875 0.8734375 0.0828125 0.08125
1 0.16875 0.8203125 0.090625 0.0625