1 0.60625 0.7734375 0.1796875 0.1921875
1 0.88125 0.628125 0.2015625 0.1859375
1 0.59375 0.55625 0.1328125 0.1953125
1 0.4484375 0.6921875 0.221875 0.2859375
1 0.8125 0.4046875 0.1796875 0.2171875
1 0.809375 0.7796875 0.20625 0.1859375
1 0.134375 0.484375 0.1890625 0.203125
1 0.5015625 0.4296875 0.146875 0.253125
1 0.3109375 0.421875 0.2390625 0.25
1 0.1453125 0.2796875 0.2265625 0.225
1 0.934375 0.45 0.1296875 0.2265625
1 0.0453125 0.2734375 0.090625 0.234375
1 0.0171875 0.4421875 0.034375 0.1078125