1 0.3390625 0.453125 0.14375 0.1296875
1 0.409375 0.6734375 0.1515625 0.1171875
1 0.240625 0.315625 0.1359375 0.1421875
1 0.075 0.446875 0.10625 0.1453125
1 0.5453125 0.678125 0.1390625 0.1375
1 0.1703125 0.578125 0.146875 0.15
1 0.2296875 0.8140625 0.1546875 0.14375
1 0.8296875 0.7421875 0.1046875 0.128125
1 0.878125 0.8421875 0.121875 0.1171875
1 0.134375 0.6984375 0.14375 0.1328125
1 0.3078125 0.190625 0.146875 0.1421875
1 0.3609375 0.2921875 0.1265625 0.1453125
1 0.4859375 0.2765625 0.1234375 0.121875
1 0.2484375 0.703125 0.115625 0.121875
1 0.7375 0.8921875 0.1265625 0.096875
1 0.04375 0.59375 0.0875 0.1640625
1 0.728125 0.784375 0.1296875 0.1265625
1 0.578125 0.51875 0.1484375 0.1296875
1 0.125 0.3359375 0.159375 0.1375
1 0.484375 0.425 0.1265625 0.153125
1 0.1703125 0.2 0.13125 0.1203125
1 0.271875 0.5671875 0.115625 0.165625
1 0.3078125 0.8734375 0.1203125 0.1296875
1 0.5203125 0.809375 0.1296875 0.146875
1 0.225 0.1140625 0.13125 0.1078125
1 0.4203125 0.5734375 0.1515625 0.1296875