1 0.465625 0.38125 0.028125 0.0625
1 0.4984375 0.284375 0.0375 0.08125
1 0.4671875 0.3109375 0.03125 0.0375
1 0.590625 0.384375 0.0390625 0.0734375
1 0.490625 0.340625 0.0328125 0.0390625
1 0.434375 0.33125 0.034375 0.0703125
1 0.546875 0.36875 0.0359375 0.0453125
1 0.5921875 0.2171875 0.0375 0.0546875
1 0.503125 0.3765625 0.0359375 0.065625
1 0.5234375 0.4765625 0.0375 0.0625
1 0.4625 0.5484375 0.065625 0.0375
1 0.5359375 0.2828125 0.0390625 0.08125
1 0.609375 0.4921875 0.0484375 0.0625
1 0.584375 0.5171875 0.03125 0.0453125
1 0.60625 0.5375 0.034375 0.05
1 0.46875 0.259375 0.040625 0.06875
1 0.6171875 0.603125 0.0390625 0.0390625
1 0.44375 0.2796875 0.0328125 0.0453125
1 0.3171875 0.584375 0.0671875 0.046875
1 0.596875 0.2609375 0.0390625 0.0546875
1 0.346875 0.3359375 0.0703125 0.0390625
1 0.63125 0.2515625 0.0359375 0.0859375
1 0.596875 0.571875 0.040625 0.05625
1 0.915625 0.3015625 0.0953125 0.0390625
1 0.3046875 0.40625 0.03125 0.0390625
1 0.653125 0.5828125 0.0390625 0.0375
1 0.3875 0.203125 0.0453125 0.05
1 0.4921875 0.7296875 0.0578125 0.034375
1 0.60625 0.634375 0.05 0.065625
1 0.459375 0.2109375 0.034375 0.04375
1 0.4578125 0.4234375 0.0546875 0.028125
1 0.2703125 0.80625 0.040625 0.0671875
1 0.40625 0.4171875 0.0484375 0.05
1 0.4859375 0.7921875 0.05 0.0796875
1 0.5140625 0.6484375 0.0796875 0.0390625
1 0.4765625 0.7015625 0.0328125 0.0359375
1 0.428125 0.2109375 0.034375 0.04375
1 0.86875 0.271875 0.0984375 0.046875
1 0.7125 0.5765625 0.0390625 0.034375
1 0.8265625 0.4984375 0.159375 0.1015625
1 0.175 0.46875 0.0765625 0.0390625
1 0.2703125 0.340625 0.0375 0.078125
1 0.253125 0.28125 0.05 0.0671875
1 0.71875 0.39375 0.0515625 0.040625
1 0.228125 0.346875 0.0484375 0.0671875
1 0.7234375 0.7328125 0.0796875 0.04375
1 0.559375 0.56875 0.0375 0.0671875
1 0.7296875 0.628125 0.0515625 0.0640625
1 0.378125 0.4984375 0.0578125 0.0359375
1 0.125 0.178125 0.0359375 0.03125
1 0.196875 0.3546875 0.0375 0.0421875
1 0.296875 0.3109375 0.0296875 0.034375
1 0.2375 0.8546875 0.06875 0.0359375
1 0.5734375 0.184375 0.0328125 0.04375
1 0.6921875 0.6 0.0515625 0.0421875
1 0.40625 0.246875 0.0875 0.0390625
1 0.296875 0.4265625 0.0359375 0.0390625
1 0.3515625 0.3734375 0.0828125 0.0390625
1 0.1015625 0.7734375 0.053125 0.053125
1 0.4 0.703125 0.078125 0.046875
1 0.334375 0.2859375 0.0515625 0.065625
1 0.6578125 0.6328125 0.0671875 0.065625
1 0.23125 0.81875 0.0328125 0.0421875
1 0.1953125 0.303125 0.0734375 0.0484375
1 0.3328125 0.471875 0.05 0.0953125
1 0.1109375 0.228125 0.05625 0.0578125
1 0.2109375 0.2109375 0.059375 0.065625
1 0.85 0.7671875 0.0953125 0.0328125
1 0.771875 0.215625 0.125 0.0546875
1 0.1140625 0.1453125 0.078125 0.040625
1 0.2984375 0.3421875 0.0296875 0.0515625
1 0.15 0.175 0.0421875 0.0265625
1 0.1671875 0.375 0.0421875 0.0609375
1 0.1390625 0.8125 0.0390625 0.05625
1 0.0296875 0.2453125 0.059375 0.1078125
1 0.1078125 0.28125 0.1 0.0484375
1 0.259375 0.1828125 0.0765625 0.0296875
1 0.8046875 0.6796875 0.0390625 0.0390625
1 0.2921875 0.2625 0.0390625 0.0578125
1 0.878125 0.3484375 0.1375 0.059375
1 0.8375 0.415625 0.209375 0.0703125
1 0.7953125 0.3203125 0.1609375 0.040625
1 0.7296875 0.7046875 0.0625 0.0375
1 0.6671875 0.228125 0.0375 0.0421875
1 0.2046875 0.6234375 0.0515625 0.0671875
1 0.1 0.2109375 0.03125 0.028125
1 0.3390625 0.4078125 0.06875 0.040625
1 0.125 0.3671875 0.0578125 0.0640625
1 0.2296875 0.26875 0.0453125 0.034375
1 0.3921875 0.3984375 0.0453125 0.0390625
1 0.175 0.809375 0.04375 0.04375
1 0.8015625 0.728125 0.0453125 0.03125
1 0.4453125 0.6703125 0.025 0.0484375
1 0.140625 0.3328125 0.053125 0.0703125
1 0.7671875 0.65625 0.0390625 0.075