1 0.6015625 0.353125 0.20625 0.159375
1 0.690625 0.2625 0.1640625 0.115625
1 0.3625 0.2765625 0.1390625 0.140625
1 0.5171875 0.2828125 0.1703125 0.1515625
1 0.8625 0.3796875 0.1203125 0.15
1 0.5984375 0.634375 0.2296875 0.2046875
1 0.834375 0.2375 0.153125 0.1640625
1 0.646875 0.1953125 0.1640625 0.0859375
1 0.15 0.2484375 0.1671875 0.1734375
1 0.2375 0.5765625 0.1390625 0.209375
1 0.6171875 0.48125 0.15625 0.1375
1 0.3390625 0.48125 0.1296875 0.1234375
1 0.109375 0.4109375 0.1578125 0.1953125
1 0.8046875 0.48125 0.1625 0.10625
1 0.79375 0.575 0.1828125 0.153125
1 0.46875 0.5265625 0.1640625 0.2171875
1 0.2828125 0.3671875 0.159375 0.1484375
1 0.51875 0.7390625 0.15 0.1765625
1 0.7328125 0.38125 0.175 0.1921875
1 0.334375 0.646875 0.1765625 0.2171875
1 0.11875 0.8109375 0.1765625 0.075
1 0.0546875 0.4828125 0.078125 0.1140625
1 0.278125 0.2109375 0.1265625 0.11875
1 0.9015625 0.7046875 0.1890625 0.1671875
1 0.8078125 0.8109375 0.09375 0.0734375
1 0.6296875 0.7890625 0.1265625 0.121875
1 0.465625 0.1953125 0.165625 0.0859375
1 0.0515625 0.6140625 0.103125 0.1515625
1 0.3171875 0.815625 0.1046875 0.06875
1 0.040625 0.7609375 0.08125 0.165625