1 0.321875 0.703125 0.0796875 0.090625
1 0.6140625 0.784375 0.0375 0.0375
1 0.853125 0.29375 0.040625 0.028125
1 0.809375 0.596875 0.046875 0.0375
1 0.5296875 0.7640625 0.025 0.0484375
1 0.74375 0.45 0.0578125 0.0421875
1 0.7265625 0.40625 0.0421875 0.04375
1 0.21875 0.575 0.0375 0.0421875
1 0.784375 0.4765625 0.0640625 0.0390625
1 0.5140625 0.7421875 0.0359375 0.0375
1 0.55625 0.7890625 0.0453125 0.040625
1 0.7890625 0.69375 0.0296875 0.0484375
1 0.8015625 0.64375 0.0359375 0.0390625
1 0.6265625 0.5796875 0.0578125 0.0375
1 0.896875 0.384375 0.1203125 0.0890625
1 0.2328125 0.6125 0.0515625 0.0625
1 0.7109375 0.3 0.0953125 0.0734375
1 0.775 0.1953125 0.1 0.0703125
1 0.7 0.7234375 0.0578125 0.0390625
1 0.9015625 0.6359375 0.084375 0.084375
1 0.1640625 0.6703125 0.0703125 0.0859375
1 0.1375 0.5796875 0.0296875 0.0296875
1 0.9421875 0.50625 0.0703125 0.0546875
1 0.5765625 0.6984375 0.034375 0.0546875
1 0.6234375 0.746875 0.08125 0.053125
1 0.915625 0.2953125 0.0359375 0.03125
1 0.0875 0.6984375 0.090625 0.08125
1 0.575 0.5015625 0.059375 0.046875
1 0.3625 0.6671875 0.034375 0.046875
1 0.134375 0.753125 0.0828125 0.0875
1 0.69375 0.784375 0.1015625 0.096875
1 0.6078125 0.4640625 0.0765625 0.0640625
1 0.9515625 0.5625 0.096875 0.084375
1 0.7671875 0.7890625 0.08125 0.1421875
1 0.79375 0.565625 0.0453125 0.0296875
1 0.628125 0.65625 0.0734375 0.0828125
1 0.44375 0.7046875 0.0859375 0.096875
1 0.91875 0.23125 0.1109375 0.071875
1 0.2171875 0.5375 0.034375 0.034375
1 0.2375 0.740625 0.0453125 0.0421875
1 0.95 0.328125 0.053125 0.0484375
1 0.815625 0.503125 0.071875 0.034375
1 0.43125 0.7421875 0.03125 0.0390625
1 0.3140625 0.61875 0.0625 0.078125
1 0.64375 0.35625 0.0875 0.0640625
1 0.40625 0.7203125 0.0359375 0.046875
1 0.25625 0.546875 0.0453125 0.059375