1 0.5453125 0.6546875 0.1359375 0.1078125
1 0.2625 0.5765625 0.0890625 0.1046875
1 0.6890625 0.4984375 0.1140625 0.10625
1 0.3140625 0.7578125 0.10625 0.1125
1 0.7109375 0.7375 0.159375 0.159375
1 0.8265625 0.7296875 0.0953125 0.11875
1 0.2765625 0.3484375 0.071875 0.0890625
1 0.728125 0.5875 0.121875 0.09375
1 0.190625 0.4890625 0.0765625 0.06875
1 0.7609375 0.8734375 0.1140625 0.1015625
1 0.4484375 0.25 0.0890625 0.071875
1 0.49375 0.209375 0.0875 0.075
1 0.6359375 0.684375 0.0921875 0.109375
1 0.446875 0.471875 0.090625 0.0828125
1 0.3375 0.453125 0.0734375 0.065625
1 0.4203125 0.8671875 0.08125 0.0796875
1 0.8234375 0.621875 0.0984375 0.1203125
1 0.84375 0.3765625 0.059375 0.103125
1 0.4 0.41875 0.0796875 0.0765625
1 0.8375 0.48125 0.0734375 0.09375
1 0.734375 0.2984375 0.075 0.0765625
1 0.5796875 0.528125 0.0953125 0.0703125
1 0.2296875 0.534375 0.0765625 0.0703125
1 0.5125 0.8578125 0.1078125 0.1578125
1 0.221875 0.421875 0.071875 0.0734375
1 0.190625 0.6515625 0.0859375 0.0703125
1 0.4703125 0.35 0.084375 0.065625
1 0.43125 0.784375 0.09375 0.090625
1 0.5078125 0.740625 0.109375 0.084375
1 0.25625 0.45625 0.0609375 0.0921875
1 0.3921875 0.3015625 0.0578125 0.0625
1 0.415625 0.7171875 0.0828125 0.071875
1 0.6 0.2234375 0.103125 0.065625
1 0.309375 0.271875 0.0625 0.06875
1 0.34375 0.1734375 0.0515625 0.059375
1 0.5484375 0.4625 0.0828125 0.0671875
1 0.175 0.359375 0.0609375 0.0578125
1 0.365625 0.253125 0.059375 0.0640625
1 0.6203125 0.5828125 0.084375 0.075
1 0.1953125 0.70625 0.0703125 0.065625
1 0.3875 0.5078125 0.071875 0.0671875
1 0.2203125 0.325 0.0609375 0.08125
1 0.2578125 0.2609375 0.053125 0.0609375
1 0.540625 0.321875 0.078125 0.0625
1 0.540625 0.375 0.0984375 0.0921875
1 0.4296875 0.1578125 0.0734375 0.06875
1 0.646875 0.453125 0.0953125 0.096875
1 0.7734375 0.4765625 0.0703125 0.0875