1 0.5109375 0.575 0.1453125 0.178125
1 0.5390625 0.2109375 0.140625 0.1171875
1 0.7984375 0.7203125 0.1296875 0.134375
1 0.7765625 0.5578125 0.225 0.2
1 0.5125 0.4046875 0.1265625 0.121875
1 0.4109375 0.5 0.1390625 0.2125
1 0.775 0.275 0.2015625 0.1609375
1 0.45625 0.2953125 0.1625 0.1484375
1 0.684375 0.21875 0.15625 0.13125
1 0.865625 0.196875 0.15625 0.0890625
1 0.9109375 0.3015625 0.1640625 0.1890625
1 0.6328125 0.759375 0.175 0.175
1 0.6421875 0.446875 0.1625 0.2046875
1 0.328125 0.20625 0.171875 0.10625
1 0.625 0.3546875 0.1578125 0.140625
1 0.134375 0.521875 0.1328125 0.19375
1 0.1265625 0.315625 0.15 0.190625
1 0.6953125 0.6609375 0.14375 0.16875
1 0.2828125 0.334375 0.15625 0.1953125
1 0.165625 0.6859375 0.184375 0.1640625
1 0.4515625 0.1765625 0.0984375 0.0484375
1 0.2109375 0.5359375 0.140625 0.153125
1 0.309375 0.5875 0.1453125 0.225