1 0.4078125 0.6359375 0.203125 0.1765625
1 0.73125 0.3875 0.10625 0.084375
1 0.4265625 0.5140625 0.05625 0.05
1 0.578125 0.428125 0.1125 0.1015625
1 0.45625 0.3609375 0.1328125 0.134375
1 0.3171875 0.778125 0.0859375 0.071875
1 0.284375 0.584375 0.08125 0.078125
1 0.8296875 0.5203125 0.0921875 0.1
1 0.490625 0.753125 0.18125 0.140625
1 0.8046875 0.728125 0.090625 0.1
1 0.721875 0.5875 0.1921875 0.1359375
1 0.559375 0.534375 0.134375 0.11875
1 0.353125 0.35625 0.0921875 0.1125
1 0.2859375 0.503125 0.1328125 0.109375
1 0.1875 0.5140625 0.0984375 0.1171875
1 0.821875 0.425 0.103125 0.1
1 0.59375 0.2375 0.128125 0.1078125
1 0.803125 0.325 0.1359375 0.0921875
1 0.309375 0.878125 0.159375 0.2015625
1 0.4671875 0.55 0.1125 0.0828125
1 0.259375 0.378125 0.1125 0.1453125
1 0.6140625 0.1796875 0.1265625 0.0734375
1 0.1859375 0.60625 0.1234375 0.0953125
1 0.3328125 0.246875 0.1265625 0.103125
1 0.69375 0.9421875 0.196875 0.115625
1 0.453125 0.246875 0.1390625 0.109375
1 0.8140625 0.2546875 0.0703125 0.059375
1 0.340625 0.16875 0.1265625 0.0859375
1 0.55 0.3140625 0.0875 0.0984375
1 0.7046875 0.2625 0.11875 0.0921875
1 0.146875 0.4515625 0.046875 0.10625
1 0.171875 0.40625 0.0859375 0.0859375
1 0.7359375 0.203125 0.103125 0.1078125
1 0.4484375 0.115625 0.1046875 0.09375
1 0.175 0.6953125 0.0984375 0.13125
1 0.65 0.8046875 0.0859375 0.0828125
1 0.5171875 0.1890625 0.05625 0.0515625
1 0.1703125 0.3125 0.09375 0.125
1 0.746875 0.1015625 0.1203125 0.125
1 0.653125 0.1046875 0.1265625 0.1171875
1 0.6875 0.3375 0.1015625 0.075
1 0.61875 0.3296875 0.1015625 0.075
1 0.15625 0.1484375 0.065625 0.0953125
1 0.5421875 0.115625 0.0984375 0.09375
1 0.25 0.265625 0.0796875 0.078125
1 0.1578125 0.225 0.06875 0.065625
1 0.840625 0.1421875 0.06875 0.059375
1 0.196875 0.834375 0.146875 0.196875
1 0.221875 0.0890625 0.125 0.096875
1 0.3546875 0.065625 0.1171875 0.1140625
1 0.559375 0.040625 0.1109375 0.08125
1 0.6359375 0.025 0.075 0.05
1 0.634375 0.6875 0.0859375 0.0796875
1 0.1609375 0.0546875 0.0734375 0.0921875
1 0.3765625 0.759375 0.0671875 0.0859375
1 0.4625 0.034375 0.0984375 0.0671875
1 0.7203125 0.04375 0.090625 0.05625
1 0.8546875 0.8296875 0.0421875 0.090625
1 0.4359375 0.8875 0.125 0.175
1 0.575 0.971875 0.0890625 0.05625
1 0.234375 0.021875 0.09375 0.04375
1 0.8 0.0375 0.1203125 0.0734375
1 0.30625 0.03125 0.0859375 0.0609375
1 0.7234375 0.0140625 0.1109375 0.0265625