1 0.2046875 0.396875 0.0390625 0.0515625
1 0.14375 0.546875 0.0625 0.0328125
1 0.3140625 0.3328125 0.03125 0.0390625
1 0.1015625 0.4640625 0.046875 0.05
1 0.3765625 0.4203125 0.025 0.0296875
1 0.434375 0.396875 0.03125 0.0625
1 0.1578125 0.4109375 0.0578125 0.0390625
1 0.346875 0.3390625 0.025 0.034375
1 0.0921875 0.3546875 0.04375 0.046875
1 0.3078125 0.5703125 0.05 0.0296875
1 0.3515625 0.4359375 0.0265625 0.0546875
1 0.4734375 0.48125 0.03125 0.05625
1 0.371875 0.3390625 0.025 0.034375
1 0.421875 0.5515625 0.0296875 0.0484375
1 0.36875 0.5078125 0.0421875 0.021875
1 0.1890625 0.4453125 0.0359375 0.0546875
1 0.2375 0.3796875 0.0296875 0.0421875
1 0.3765625 0.4765625 0.0234375 0.0453125
1 0.259375 0.6390625 0.05625 0.040625
1 0.321875 0.4984375 0.0515625 0.0484375
1 0.240625 0.509375 0.0296875 0.028125
1 0.4890625 0.565625 0.0375 0.0484375
1 0.21875 0.44375 0.028125 0.0578125
1 0.440625 0.465625 0.028125 0.0359375
1 0.115625 0.4375 0.0375 0.05
1 0.3859375 0.73125 0.0265625 0.028125
1 0.3765625 0.378125 0.0296875 0.0515625
1 0.7375 0.4109375 0.0703125 0.03125
1 0.325 0.3671875 0.065625 0.03125
1 0.2828125 0.503125 0.0578125 0.0390625
1 0.3703125 0.6078125 0.0453125 0.025
1 0.396875 0.44375 0.0265625 0.03125
1 0.48125 0.6328125 0.0328125 0.046875
1 0.1390625 0.4671875 0.034375 0.0453125
1 0.403125 0.4 0.0296875 0.065625
1 0.3578125 0.39375 0.0234375 0.0390625
1 0.4765625 0.34375 0.0296875 0.0421875
1 0.509375 0.375 0.028125 0.0703125
1 0.4828125 0.3796875 0.028125 0.0328125
1 0.4515625 0.628125 0.0328125 0.059375
1 0.2859375 0.46875 0.0640625 0.0296875
1 0.1734375 0.3390625 0.046875 0.053125
1 0.271875 0.4015625 0.040625 0.053125
1 0.490625 0.6 0.0265625 0.0359375
1 0.4890625 0.68125 0.040625 0.05
1 0.6171875 0.6953125 0.0296875 0.0625
1 0.2421875 0.4375 0.025 0.0546875
1 0.4703125 0.5875 0.025 0.034375
1 0.6875 0.6921875 0.0796875 0.0609375
1 0.090625 0.396875 0.075 0.0390625