1 0.5140625 0.66875 0.1546875 0.1671875
1 0.7109375 0.4109375 0.1796875 0.1328125
1 0.5578125 0.278125 0.1734375 0.1296875
1 0.4921875 0.3796875 0.1203125 0.1078125
1 0.078125 0.7953125 0.0703125 0.065625
1 0.4046875 0.31875 0.128125 0.134375
1 0.6109375 0.5609375 0.1421875 0.171875
1 0.725 0.2703125 0.1421875 0.1
1 0.4125 0.6328125 0.125 0.1640625
1 0.7390625 0.6328125 0.2 0.1609375
1 0.628125 0.375 0.146875 0.1390625
1 0.084375 0.6015625 0.13125 0.1125
1 0.2375 0.6859375 0.1171875 0.125
1 0.16875 0.6828125 0.1140625 0.15625
1 0.946875 0.4 0.1015625 0.1171875
1 0.4328125 0.4640625 0.1453125 0.1171875
1 0.78125 0.3265625 0.1390625 0.090625
1 0.4953125 0.54375 0.1140625 0.1015625
1 0.1421875 0.5234375 0.14375 0.1484375
1 0.3328125 0.715625 0.1328125 0.175
1 0.3 0.38125 0.1484375 0.1375
1 0.834375 0.4171875 0.15 0.1578125
1 0.28125 0.525 0.1515625 0.159375
1 0.6828125 0.725 0.1421875 0.1265625
1 0.025 0.8078125 0.05 0.06875
1 0.2453125 0.578125 0.0859375 0.09375
1 0.640625 0.796875 0.1640625 0.103125
1 0.1703125 0.4046875 0.11875 0.1078125
1 0.2171875 0.79375 0.1703125 0.1078125
1 0.9046875 0.5625 0.159375 0.11875
1 0.7453125 0.5078125 0.1546875 0.1140625
1 0.9 0.2875 0.14375 0.1375