1 0.6421875 0.6046875 0.184375 0.1375
1 0.353125 0.5875 0.175 0.1265625
1 0.2375 0.440625 0.109375 0.0921875
1 0.7515625 0.3640625 0.1125 0.134375
1 0.3953125 0.7140625 0.15 0.15
1 0.8359375 0.290625 0.078125 0.1125
1 0.5328125 0.84375 0.2 0.2
1 0.5734375 0.35625 0.1234375 0.125
1 0.2890625 0.13125 0.1015625 0.11875
1 0.646875 0.0703125 0.1140625 0.109375
1 0.3609375 0.484375 0.1578125 0.1015625
1 0.7609375 0.175 0.1265625 0.1125
1 0.3828125 0.1234375 0.1125 0.109375
1 0.4 0.9328125 0.190625 0.134375
1 0.44375 0.246875 0.115625 0.103125
1 0.5765625 0.253125 0.1359375 0.1
1 0.1796875 0.7 0.109375 0.1078125
1 0.3125 0.8453125 0.2015625 0.15
1 0.678125 0.24375 0.1078125 0.0953125
1 0.4953125 0.528125 0.1125 0.1046875
1 0.3421875 0.28125 0.0984375 0.084375
1 0.5 0.609375 0.0984375 0.1234375