1 0.2328125 0.6921875 0.0859375 0.1609375
1 0.9046875 0.5390625 0.1 0.134375
1 0.3484375 0.828125 0.10625 0.09375
1 0.1875 0.56875 0.1046875 0.0921875
1 0.6453125 0.7953125 0.04375 0.034375
1 0.715625 0.5640625 0.0484375 0.0421875
1 0.6015625 0.703125 0.0703125 0.1203125
1 0.7453125 0.5390625 0.059375 0.0375
1 0.559375 0.7703125 0.0359375 0.05625
1 0.1953125 0.825 0.115625 0.1015625
1 0.8125 0.6921875 0.10625 0.1265625
1 0.4046875 0.6625 0.05 0.0453125
1 0.45 0.69375 0.046875 0.0640625
1 0.8296875 0.603125 0.04375 0.0453125
1 0.746875 0.7859375 0.0484375 0.0546875
1 0.696875 0.79375 0.0546875 0.0359375
1 0.6859375 0.6 0.075 0.0953125
1 0.6671875 0.6890625 0.09375 0.1140625