1 0.5265625 0.5859375 0.0765625 0.090625
1 0.584375 0.6203125 0.0859375 0.0875
1 0.3765625 0.6171875 0.0671875 0.059375
1 0.5921875 0.7296875 0.1015625 0.1265625
1 0.46875 0.4484375 0.0875 0.0890625
1 0.4953125 0.696875 0.1125 0.1125
1 0.6203125 0.475 0.0765625 0.059375
1 0.359375 0.6890625 0.0796875 0.0859375
1 0.2984375 0.690625 0.0546875 0.05
1 0.6203125 0.4203125 0.0953125 0.071875
1 0.5046875 0.39375 0.075 0.06875
1 0.3625 0.5515625 0.0921875 0.0890625
1 0.1984375 0.5140625 0.0859375 0.0796875
1 0.2171875 0.6078125 0.06875 0.0984375
1 0.459375 0.5484375 0.0671875 0.0796875
1 0.7296875 0.8515625 0.1234375 0.13125
1 0.4828125 0.8484375 0.0984375 0.0796875
1 0.415625 0.3171875 0.096875 0.071875
1 0.6828125 0.6453125 0.125 0.103125
1 0.35 0.7859375 0.0765625 0.0890625
1 0.4125 0.7265625 0.0625 0.0640625
1 0.2953125 0.7453125 0.0796875 0.0796875
1 0.5578125 0.3625 0.11875 0.08125
1 0.8203125 0.6 0.1046875 0.115625
1 0.30625 0.471875 0.0671875 0.078125
1 0.303125 0.6328125 0.075 0.0859375
1 0.41875 0.81875 0.0640625 0.075
1 0.378125 0.8796875 0.1171875 0.1125
1 0.553125 0.80625 0.0671875 0.075
1 0.2578125 0.315625 0.0796875 0.0640625
1 0.6484375 0.5484375 0.140625 0.134375
1 0.7390625 0.721875 0.1546875 0.1390625
1 0.7140625 0.41875 0.078125 0.084375
1 0.246875 0.3734375 0.0796875 0.0625
1 0.7546875 0.3140625 0.1171875 0.109375
1 0.5171875 0.5140625 0.0515625 0.0484375
1 0.40625 0.21875 0.0828125 0.075
1 0.1703125 0.35 0.06875 0.0640625
1 0.646875 0.184375 0.078125 0.08125
1 0.1515625 0.55 0.05625 0.075
1 0.7390625 0.5078125 0.0859375 0.1046875
1 0.4796875 0.190625 0.0734375 0.075
1 0.671875 0.4578125 0.053125 0.0515625
1 0.2921875 0.4015625 0.065625 0.0609375
1 0.4859375 0.78125 0.1078125 0.06875
1 0.428125 0.5171875 0.0359375 0.0375
1 0.3359375 0.28125 0.0953125 0.0703125
1 0.659375 0.2984375 0.0875 0.0984375
1 0.2640625 0.5453125 0.0515625 0.071875
1 0.153125 0.4390625 0.059375 0.0734375
1 0.3296875 0.353125 0.071875 0.06875
1 0.4015625 0.4078125 0.1078125 0.0890625
1 0.26875 0.6078125 0.0453125 0.05
1 0.4453125 0.2609375 0.10625 0.0609375
1 0.240625 0.453125 0.0765625 0.0890625
1 0.3796875 0.36875 0.05 0.046875
1 0.4421875 0.6484375 0.1125 0.1
1 0.56875 0.2625 0.1109375 0.096875