1 0.775 0.5328125 0.159375 0.1609375
1 0.6734375 0.184375 0.1375 0.1078125
1 0.5734375 0.7203125 0.140625 0.1375
1 0.3875 0.2 0.1171875 0.0890625
1 0.26875 0.4125 0.0890625 0.1078125
1 0.5640625 0.0921875 0.0875 0.0875
1 0.6875 0.7640625 0.1140625 0.1546875
1 0.8234375 0.75625 0.0953125 0.1640625
1 0.4296875 0.9375 0.14375 0.1234375
1 0.478125 0.2484375 0.1078125 0.084375
1 0.2171875 0.4828125 0.096875 0.103125
1 0.653125 0.3046875 0.134375 0.096875
1 0.803125 0.659375 0.128125 0.1125
1 0.4046875 0.70625 0.0875 0.1
1 0.390625 0.534375 0.128125 0.1140625
1 0.5453125 0.415625 0.103125 0.1125
1 0.7828125 0.234375 0.1125 0.1171875
1 0.234375 0.60625 0.075 0.1140625
1 0.1609375 0.396875 0.0734375 0.0859375
1 0.6140625 0.58125 0.090625 0.1140625
1 0.4703125 0.3578125 0.128125 0.1109375
1 0.553125 0.9078125 0.1171875 0.0921875
1 0.328125 0.775 0.0984375 0.09375
1 0.83125 0.903125 0.0828125 0.13125
1 0.696875 0.0625 0.075 0.071875
1 0.18125 0.284375 0.0828125 0.071875
1 0.684375 0.63125 0.1 0.10625
1 0.5234375 0.178125 0.125 0.071875
1 0.553125 0.825 0.1125 0.078125
1 0.4015625 0.0765625 0.08125 0.0828125
1 0.15625 0.5265625 0.065625 0.0921875
1 0.8328125 0.1015625 0.0734375 0.0875