1 0.4390625 0.634375 0.0421875 0.040625
1 0.653125 0.5328125 0.040625 0.0765625
1 0.45625 0.6625 0.0625 0.05
1 0.415625 0.6921875 0.0578125 0.075
1 0.43125 0.815625 0.0546875 0.0453125
1 0.5859375 0.41875 0.04375 0.08125
1 0.484375 0.7015625 0.09375 0.078125
1 0.6890625 0.796875 0.0359375 0.0421875
1 0.2234375 0.2796875 0.10625 0.05
1 0.7265625 0.41875 0.034375 0.0734375
1 0.55625 0.5453125 0.053125 0.06875
1 0.503125 0.6484375 0.046875 0.0421875
1 0.55625 0.590625 0.0359375 0.046875
1 0.809375 0.5671875 0.065625 0.0421875
1 0.553125 0.70625 0.0609375 0.078125
1 0.7625 0.359375 0.0375 0.084375
1 0.259375 0.340625 0.1703125 0.08125
1 0.66875 0.828125 0.0609375 0.0359375
1 0.546875 0.246875 0.04375 0.10625
1 0.59375 0.2109375 0.0484375 0.0671875
1 0.8625 0.5359375 0.0546875 0.128125
1 0.6078125 0.6375 0.0484375 0.084375
1 0.5859375 0.2609375 0.0421875 0.05
1 0.9234375 0.2875 0.040625 0.0703125
1 0.8234375 0.2109375 0.053125 0.0640625
1 0.7953125 0.4609375 0.0703125 0.06875
1 0.540625 0.671875 0.0484375 0.0421875
1 0.7578125 0.2984375 0.0359375 0.05
1 0.9578125 0.4734375 0.084375 0.06875
1 0.940625 0.3859375 0.0421875 0.0859375
1 0.634375 0.4 0.0375 0.059375
1 0.7296875 0.3359375 0.0328125 0.040625
1 0.90625 0.4859375 0.0390625 0.0390625
1 0.85 0.41875 0.08125 0.046875
1 0.565625 0.640625 0.04375 0.071875
1 0.6515625 0.73125 0.0765625 0.0484375
1 0.8703125 0.66875 0.0765625 0.0484375
1 0.9 0.4609375 0.0328125 0.0421875
1 0.1671875 0.5171875 0.0671875 0.1109375
1 0.390625 0.64375 0.0546875 0.06875
1 0.8765625 0.3171875 0.0578125 0.075
1 0.46875 0.35625 0.0796875 0.11875
1 0.225 0.784375 0.059375 0.06875
1 0.778125 0.21875 0.0328125 0.053125
1 0.7421875 0.215625 0.0375 0.053125
1 0.8703125 0.1953125 0.0390625 0.0640625
1 0.9671875 0.3171875 0.0515625 0.0796875
1 0.9109375 0.3875 0.0328125 0.059375
1 0.71875 0.6140625 0.0671875 0.0359375
1 0.7015625 0.36875 0.0375 0.0453125
1 0.278125 0.2515625 0.121875 0.0640625
1 0.653125 0.29375 0.040625 0.090625
1 0.6796875 0.4140625 0.0359375 0.071875
1 0.85625 0.3734375 0.0828125 0.046875
1 0.3734375 0.7234375 0.0359375 0.0875