1 0.6609375 0.4578125 0.121875 0.0921875
1 0.671875 0.559375 0.1140625 0.096875
1 0.7609375 0.4609375 0.1140625 0.0859375
1 0.55625 0.4359375 0.109375 0.1078125
1 0.578125 0.3546875 0.096875 0.0921875
1 0.690625 0.3671875 0.0921875 0.06875
1 0.6671875 0.6890625 0.1125 0.1265625
1 0.3578125 0.484375 0.121875 0.1015625
1 0.3765625 0.596875 0.1046875 0.1046875
1 0.4703125 0.540625 0.1078125 0.1234375
1 0.43125 0.4109375 0.1 0.109375
1 0.7484375 0.2828125 0.1109375 0.1015625
1 0.64375 0.290625 0.103125 0.103125
1 0.60625 0.2078125 0.1015625 0.0875
1 0.1671875 0.628125 0.1125 0.11875
1 0.0953125 0.690625 0.1015625 0.0953125
1 0.58125 0.675 0.1 0.090625