1 0.4782608703125 0.539820234375 0.501672240625 0.4996864546875 0.4916387953125 0.4394857859375 0.468227425 0.419418896875 0.438127090625 0.4160744140625 0.4013377921875 0.44283026718749996 0.39464882968750004 0.4963419734375 0.404682275 0.5197533437499999 0.4515050171875 0.546509196875 0.4782608703125 0.539820234375
1 0.6521739125 0.5364757531250001 0.675585284375 0.4963419734375 0.6655518390624999 0.43614130468749995 0.6287625421875 0.4127299328125 0.5819398 0.42610785937499995 0.5719063546875 0.44617474843749994 0.5785953171875 0.50637541875 0.612040134375 0.5331312703125 0.6521739125 0.5364757531250001
1 0.7859531765625001 0.723766721875 0.8093645484374999 0.6802884609375 0.799331103125 0.6301212375 0.76254180625 0.5933319390625 0.7157190640625 0.606709865625 0.7090301 0.660221571875 0.7257525078125 0.7036998328124999 0.7591973249999999 0.7271112046875 0.7859531765625001 0.723766721875
1 0.240802675 0.6769439796875 0.2207357859375 0.606709865625 0.1672240796875 0.6167433109375 0.1371237453125 0.653532609375 0.13377926406250001 0.69032190625 0.1605351171875 0.7304556859375 0.2140468234375 0.713733278125 0.240802675 0.6769439796875
1 0.321070234375 0.5164088625 0.3311036796875 0.4628971578125 0.30434782656250003 0.42610785937499995 0.26755852812500003 0.429452340625 0.240802675 0.45620819375000005 0.23745819375 0.50637541875 0.26755852812500003 0.543164715625 0.28762541875 0.543164715625 0.321070234375 0.5164088625
1 0.4581939796875 0.7070443140625 0.46488294375 0.6434991640625001 0.42809364531250005 0.606709865625 0.377926421875 0.653532609375 0.384615384375 0.7103887953125 0.4013377921875 0.7371446484375 0.42140468281250004 0.7404891296875 0.4581939796875 0.7070443140625
1 0.7491638796875 0.23547240781249998 0.70568561875 0.24216137187500003 0.675585284375 0.28229515 0.678929765625 0.34249581875 0.6989966562500001 0.3491847828125 0.7525083609375 0.2990175578125 0.7491638796875 0.23547240781249998
1 0.4013377921875 0.312395484375 0.3979933109375 0.2555392984375 0.381270903125 0.23547240781249998 0.34113712343749997 0.23547240781249998 0.324414715625 0.2655727421875 0.321070234375 0.28563963281250004 0.34113712343749997 0.3224289296875 0.3712374578125 0.32911789375 0.4013377921875 0.312395484375
1 0.5986622078125 0.7070443140625 0.5986622078125 0.663566053125 0.5752508359374999 0.623432275 0.555183946875 0.62677675625 0.5384615390625 0.653532609375 0.531772575 0.7036998328124999 0.555183946875 0.7371446484375 0.5719063546875 0.7371446484375 0.5986622078125 0.7070443140625
1 0.58528428125 0.2555392984375 0.555183946875 0.23547240781249998 0.5150501671875001 0.2655727421875 0.5150501671875001 0.3224289296875 0.5484949828125 0.34249581875 0.5819398 0.305706521875 0.58528428125 0.2555392984375
1 0.20066889687499997 0.28229515 0.18060200625 0.27226170625 0.143812709375 0.309051003125 0.143812709375 0.362562709375 0.17056856250000002 0.3859740796875 0.20401337812499998 0.34249581875 0.20066889687499997 0.28229515