1 0.9375 0.803125 0.1234375 0.1421875
1 0.925 0.621875 0.15 0.1734375
1 0.1515625 0.35 0.2234375 0.209375
1 0.728125 0.7265625 0.1421875 0.1625
1 0.48125 0.5859375 0.1875 0.209375
1 0.88125 0.7421875 0.0625 0.059375
1 0.196875 0.6734375 0.0671875 0.05
1 0.5625 0.784375 0.175 0.1765625
1 0.10625 0.565625 0.1 0.09375
1 0.8796875 0.8625 0.1109375 0.021875
1 0.3578125 0.4359375 0.20625 0.1921875
1 0.1578125 0.5359375 0.1703125 0.140625
1 0.6265625 0.3734375 0.0234375 0.028125
1 0.7203125 0.46875 0.0421875 0.046875
1 0.859375 0.8 0.046875 0.0703125
1 0.8 0.625 0.078125 0.0890625
1 0.0203125 0.3828125 0.040625 0.0640625
1 0.7578125 0.4 0.071875 0.034375
1 0.628125 0.4203125 0.01875 0.0375
1 0.8359375 0.6796875 0.075 0.071875
1 0.6734375 0.590625 0.1359375 0.18125
1 0.3203125 0.5984375 0.1625 0.1796875
1 0.0359375 0.5109375 0.0703125 0.20625
1 0.6625 0.44375 0.03125 0.0265625
1 0.8203125 0.5546875 0.06875 0.0640625
1 0.8296875 0.4625 0.0984375 0.078125
1 0.0203125 0.2734375 0.0296875 0.0296875
1 0.596875 0.496875 0.0625 0.05625
1 0.3984375 0.7234375 0.0890625 0.10625
1 0.9328125 0.48125 0.053125 0.04375
1 0.984375 0.5375 0.0296875 0.03125
1 0.8890625 0.453125 0.0484375 0.0328125
1 0.3203125 0.328125 0.0703125 0.0375
1 0.603125 0.4171875 0.0234375 0.0234375
1 0.89375 0.5078125 0.0890625 0.0796875
1 0.2109375 0.7546875 0.109375 0.040625
1 0.8828125 0.4171875 0.0453125 0.0125
1 0.840625 0.4140625 0.0390625 0.0375
1 0.6921875 0.3625 0.0203125 0.0109375
1 0.6953125 0.4203125 0.040625 0.0453125
1 0.771875 0.4984375 0.046875 0.0359375
1 0.3109375 0.8046875 0.0234375 0.04375