1 0.4546875 0.5890625 0.0953125 0.10625
1 0.4796875 0.715625 0.1296875 0.128125
1 0.5578125 0.1625 0.084375 0.0796875
1 0.3625 0.7421875 0.121875 0.1390625
1 0.4328125 0.1765625 0.065625 0.04375
1 0.4953125 0.1984375 0.0859375 0.0875
1 0.696875 0.7890625 0.0875 0.0921875
1 0.5359375 0.453125 0.1015625 0.103125
1 0.4796875 0.5125 0.0625 0.0578125
1 0.259375 0.184375 0.065625 0.0625
1 0.225 0.2625 0.1328125 0.1234375
1 0.3203125 0.5359375 0.15625 0.1546875
1 0.321875 0.35 0.1 0.071875
1 0.6234375 0.6421875 0.08125 0.0703125
1 0.36875 0.134375 0.0875 0.09375
1 0.45625 0.34375 0.1265625 0.0921875
1 0.2046875 0.71875 0.159375 0.1484375
1 0.715625 0.3609375 0.084375 0.08125
1 0.30625 0.14375 0.0796875 0.0796875
1 0.6234375 0.3109375 0.103125 0.08125
1 0.6359375 0.828125 0.0890625 0.0953125
1 0.1828125 0.5375 0.0625 0.05625
1 0.61875 0.409375 0.1234375 0.1046875
1 0.4828125 0.8140625 0.11875 0.0765625
1 0.5453125 0.66875 0.1296875 0.115625
1 0.440625 0.1234375 0.0734375 0.06875
1 0.3359375 0.2828125 0.1 0.06875
1 0.6359375 0.7234375 0.0890625 0.0921875
1 0.5359375 0.5625 0.0859375 0.090625
1 0.4828125 0.1015625 0.0703125 0.059375
1 0.190625 0.8625 0.134375 0.1453125
1 0.2640625 0.6359375 0.1390625 0.1171875
1 0.7640625 0.575 0.0671875 0.0859375
1 0.7046875 0.73125 0.0625 0.05625
1 0.3703125 0.4 0.1109375 0.084375
1 0.3625 0.45625 0.0953125 0.0671875
1 0.3375 0.2375 0.096875 0.0625
1 0.33125 0.203125 0.0890625 0.046875
1 0.8015625 0.3265625 0.09375 0.0703125
1 0.3109375 0.434375 0.065625 0.0609375
1 0.7140625 0.28125 0.1140625 0.0796875
1 0.5859375 0.240625 0.121875 0.0734375
1 0.6796875 0.49375 0.090625 0.0984375
1 0.75 0.6453125 0.0484375 0.0578125
1 0.571875 0.33125 0.0875 0.078125
1 0.5953125 0.79375 0.0671875 0.075
1 0.7453125 0.4140625 0.08125 0.075
1 0.553125 0.85625 0.0703125 0.0765625
1 0.4765625 0.8828125 0.1109375 0.0875
1 0.38125 0.06875 0.0625 0.0484375
1 0.3140625 0.8671875 0.1359375 0.15625
1 0.1765625 0.390625 0.10625 0.1046875
1 0.5734375 0.759375 0.0765625 0.071875
1 0.21875 0.48125 0.1015625 0.109375
1 0.415625 0.5 0.046875 0.0453125
1 0.5 0.3828125 0.0953125 0.0796875
1 0.671875 0.575 0.128125 0.1
1 0.6234375 0.5484375 0.0671875 0.071875
1 0.6359375 0.2046875 0.096875 0.084375
1 0.8296875 0.54375 0.084375 0.096875
1 0.590625 0.9296875 0.1390625 0.1234375
1 0.8140625 0.653125 0.09375 0.11875
1 0.39375 0.29375 0.0671875 0.0625
1 0.690625 0.8609375 0.0828125 0.075
1 0.1671875 0.3203125 0.0859375 0.0734375
1 0.15 0.4671875 0.0515625 0.0859375
1 0.7234375 0.490625 0.078125 0.0875
1 0.275 0.409375 0.0578125 0.059375
1 0.6390625 0.128125 0.0734375 0.06875
1 0.8203125 0.26875 0.090625 0.0671875
1 0.6078125 0.4921875 0.0734375 0.0609375
1 0.803125 0.4796875 0.0875 0.096875
1 0.1578125 0.7234375 0.0671875 0.0890625
1 0.153125 0.559375 0.0578125 0.0859375
1 0.65625 0.0828125 0.071875 0.0578125
1 0.525 0.134375 0.0484375 0.0484375
1 0.5578125 0.0734375 0.06875 0.0515625
1 0.5453125 0.1109375 0.078125 0.0640625
1 0.653125 0.3734375 0.059375 0.05625
1 0.4546875 0.44375 0.08125 0.08125
1 0.4 0.95 0.090625 0.096875
1 0.7140625 0.16875 0.0828125 0.075
1 0.74375 0.215625 0.0953125 0.0625
1 0.803125 0.76875 0.071875 0.0875
1 0.4796875 0.0109375 0.0515625 0.021875
1 0.8078125 0.390625 0.0875 0.0734375
1 0.828125 0.2203125 0.075 0.0546875
1 0.765625 0.7640625 0.046875 0.0953125
1 0.45625 0.0484375 0.1046875 0.071875
1 0.5265625 0.2890625 0.075 0.0640625
1 0.159375 0.625 0.071875 0.0796875
1 0.71875 0.1046875 0.0578125 0.0453125
1 0.7453125 0.146875 0.0609375 0.059375
1 0.853125 0.44375 0.0453125 0.0640625
1 0.1671875 0.6734375 0.0765625 0.065625
1 0.4765625 0.9765625 0.103125 0.0453125
1 0.1421875 0.2609375 0.0375 0.0640625
1 0.5671875 0.03125 0.0796875 0.0546875
1 0.6390625 0.0328125 0.0671875 0.0453125
1 0.58125 0.525 0.05 0.053125
1 0.140625 0.9328125 0.0328125 0.0625
1 0.8046875 0.61875 0.0625 0.059375
1 0.8515625 0.740625 0.0453125 0.0640625
1 0.26875 0.9734375 0.1109375 0.053125
1 0.171875 0.95625 0.0921875 0.071875
1 0.6984375 0.0359375 0.0625 0.0453125