1 0.221875 0.5234375 0.1390625 0.13125
1 0.071875 0.4625 0.115625 0.1421875
1 0.2109375 0.8890625 0.1328125 0.1015625
1 0.4421875 0.8796875 0.1265625 0.1203125
1 0.553125 0.8765625 0.128125 0.1265625
1 0.1265625 0.60625 0.11875 0.1421875
1 0.18125 0.4171875 0.109375 0.1234375
1 0.7296875 0.5546875 0.1265625 0.140625
1 0.4265625 0.575 0.1375 0.1296875
1 0.709375 0.6953125 0.1625 0.134375
1 0.7578125 0.765625 0.14375 0.15625
1 0.515625 0.4359375 0.1453125 0.1328125
1 0.34375 0.5265625 0.115625 0.1234375
1 0.6109375 0.8125 0.128125 0.1265625
1 0.653125 0.4359375 0.1328125 0.15
1 0.271875 0.7890625 0.1328125 0.128125
1 0.696875 0.8734375 0.14375 0.134375
1 0.0375 0.7890625 0.075 0.1265625
1 0.584375 0.5921875 0.16875 0.13125
1 0.528125 0.6609375 0.1421875 0.1171875
1 0.1421875 0.8078125 0.1296875 0.1421875
1 0.75 0.3328125 0.121875 0.125
1 0.34375 0.6875 0.1546875 0.128125
1 0.1953125 0.7140625 0.15 0.0875
1 0.8609375 0.8734375 0.14375 0.1328125
1 0.4375 0.7859375 0.1296875 0.1234375
1 0.9265625 0.7421875 0.128125 0.1296875
1 0.0421875 0.9015625 0.084375 0.078125
1 0.94375 0.3953125 0.1109375 0.171875
1 0.2390625 0.63125 0.0984375 0.109375
1 0.3328125 0.8953125 0.096875 0.0828125
1 0.896875 0.528125 0.1578125 0.1125
1 0.83125 0.4328125 0.1171875 0.146875