1 0.334375 0.76875 0.0390625 0.046875
1 0.28125 0.7 0.0546875 0.053125
1 0.2734375 0.7484375 0.04375 0.0546875
1 0.278125 0.6078125 0.0421875 0.0375
1 0.646875 0.68125 0.0421875 0.0296875
1 0.3421875 0.80625 0.0390625 0.046875
1 0.296875 0.6515625 0.0515625 0.04375
1 0.6828125 0.78125 0.09375 0.109375
1 0.6046875 0.7890625 0.040625 0.0359375
1 0.603125 0.8421875 0.06875 0.06875
1 0.4484375 0.559375 0.059375 0.0640625
1 0.65 0.7125 0.0421875 0.0359375
1 0.540625 0.7015625 0.0359375 0.0375
1 0.1375 0.546875 0.0890625 0.1109375
1 0.1140625 0.6265625 0.0328125 0.0390625
1 0.4609375 0.65625 0.046875 0.05
1 0.7296875 0.4140625 0.05 0.0484375
1 0.696875 0.3421875 0.0640625 0.0734375
1 0.5046875 0.8171875 0.0484375 0.0578125
1 0.140625 0.721875 0.1109375 0.1078125
1 0.79375 0.8 0.0890625 0.1171875
1 0.5671875 0.6921875 0.0375 0.0375
1 0.171875 0.421875 0.0828125 0.0921875
1 0.70625 0.578125 0.0390625 0.053125
1 0.4 0.5625 0.071875 0.078125
1 0.746875 0.3375 0.04375 0.034375
1 0.50625 0.709375 0.05625 0.0890625
1 0.4 0.7453125 0.0734375 0.096875
1 0.7640625 0.365625 0.0625 0.0609375
1 0.65 0.746875 0.046875 0.0515625
1 0.703125 0.5078125 0.0421875 0.05625
1 0.2140625 0.5265625 0.084375 0.0953125
1 0.075 0.6734375 0.0359375 0.0359375
1 0.70625 0.4359375 0.078125 0.0953125
1 0.24375 0.6125 0.0359375 0.0453125
1 0.70625 0.6171875 0.0296875 0.0390625
1 0.3765625 0.828125 0.04375 0.0390625
1 0.54375 0.834375 0.0890625 0.078125
1 0.809375 0.4390625 0.09375 0.1015625
1 0.840625 0.3578125 0.0796875 0.075
1 0.80625 0.2765625 0.0296875 0.03125
1 0.3 0.5046875 0.0609375 0.0765625
1 0.721875 0.30625 0.0328125 0.040625
1 0.921875 0.3296875 0.0890625 0.08125
1 0.059375 0.640625 0.04375 0.0328125
1 0.8453125 0.3140625 0.084375 0.0640625
1 0.0609375 0.7921875 0.090625 0.084375
1 0.5734375 0.5453125 0.0703125 0.1
1 0.971875 0.4265625 0.05625 0.0765625
1 0.8671875 0.25 0.0953125 0.0703125
1 0.921875 0.3953125 0.0859375 0.084375