1 0.6015625 0.3859375 0.1546875 0.096875
1 0.746875 0.29375 0.1140625 0.1078125
1 0.696875 0.3953125 0.11875 0.128125
1 0.6234375 0.565625 0.1625 0.1296875
1 0.5171875 0.209375 0.1421875 0.090625
1 0.26875 0.3671875 0.1203125 0.109375
1 0.5171875 0.5078125 0.10625 0.1328125
1 0.60625 0.2765625 0.1140625 0.08125
1 0.475 0.284375 0.1375 0.1046875
1 0.4203125 0.365625 0.096875 0.0890625
1 0.6640625 0.1984375 0.15 0.0921875
1 0.54375 0.7296875 0.134375 0.1484375
1 0.4390625 0.59375 0.1265625 0.1359375
1 0.5296875 0.359375 0.1171875 0.1125
1 0.2515625 0.4796875 0.1171875 0.1265625
1 0.86875 0.3265625 0.1078125 0.1
1 0.653125 0.325 0.1140625 0.078125
1 0.3703125 0.4328125 0.121875 0.096875
1 0.35625 0.5671875 0.0984375 0.13125
1 0.2 0.7078125 0.1328125 0.10625
1 0.1390625 0.4796875 0.115625 0.1171875
1 0.35 0.3125 0.1015625 0.10625
1 0.878125 0.45 0.1265625 0.165625
1 0.5703125 0.6390625 0.109375 0.0984375
1 0.403125 0.78125 0.121875 0.13125
1 0.753125 0.5109375 0.1296875 0.1015625
1 0.61875 0.4671875 0.11875 0.0890625
1 0.2953125 0.6328125 0.1078125 0.140625
1 0.3453125 0.25625 0.10625 0.0609375
1 0.0671875 0.64375 0.09375 0.08125
1 0.2984375 0.7515625 0.1234375 0.103125
1 0.8921875 0.2421875 0.0984375 0.1015625
1 0.1609375 0.60625 0.090625 0.11875
1 0.65625 0.7765625 0.1046875 0.1328125
1 0.2171875 0.609375 0.0921875 0.1
1 0.4203125 0.496875 0.0875 0.0765625
1 0.7859375 0.38125 0.084375 0.09375
1 0.1640625 0.3828125 0.0875 0.084375
1 0.3453125 0.190625 0.0953125 0.078125
1 0.0921875 0.5390625 0.0984375 0.0875