1 0.4171875 0.2328125 0.0453125 0.0984375
1 0.359375 0.3015625 0.0390625 0.05
1 0.3703125 0.2328125 0.0453125 0.0984375
1 0.134375 0.584375 0.0765625 0.05
1 0.1765625 0.384375 0.0875 0.059375
1 0.246875 0.384375 0.06875 0.078125
1 0.3234375 0.35 0.034375 0.0765625
1 0.3046875 0.225 0.0359375 0.0515625
1 0.4859375 0.5453125 0.040625 0.053125
1 0.3859375 0.4703125 0.0421875 0.075
1 0.3359375 0.20625 0.05 0.0828125
1 0.128125 0.371875 0.0328125 0.04375
1 0.290625 0.2875 0.0421875 0.08125
1 0.3140625 0.4734375 0.0546875 0.0875
1 0.09375 0.2921875 0.04375 0.0875
1 0.1890625 0.3375 0.0890625 0.0421875
1 0.159375 0.45 0.059375 0.125
1 0.475 0.3625 0.04375 0.0875
1 0.3703125 0.35 0.0421875 0.078125
1 0.2125 0.4890625 0.075 0.04375
1 0.075 0.2203125 0.059375 0.0796875
1 0.1859375 0.2890625 0.0875 0.0453125
1 0.7578125 0.290625 0.175 0.040625
1 0.4890625 0.4953125 0.0515625 0.075
1 0.11875 0.396875 0.0421875 0.0453125
1 0.6828125 0.6265625 0.0859375 0.0796875
1 0.45625 0.525 0.0375 0.0484375
1 0.6078125 0.60625 0.0453125 0.040625
1 0.5859375 0.63125 0.059375 0.0546875
1 0.6171875 0.796875 0.09375 0.0578125
1 0.63125 0.665625 0.065625 0.071875
1 0.171875 0.23125 0.05625 0.08125
1 0.30625 0.553125 0.08125 0.046875
1 0.8828125 0.7625 0.0515625 0.08125
1 0.6234375 0.746875 0.0796875 0.0796875
1 0.540625 0.1984375 0.040625 0.1078125
1 0.8984375 0.265625 0.1328125 0.05
1 0.421875 0.340625 0.0453125 0.059375
1 0.7765625 0.7078125 0.153125 0.1
1 0.315625 0.7390625 0.040625 0.0390625
1 0.5390625 0.6671875 0.0859375 0.078125
1 0.1234375 0.1984375 0.04375 0.0671875
1 0.3296875 0.2671875 0.0390625 0.0453125
1 0.365625 0.678125 0.0953125 0.0453125
1 0.259375 0.1859375 0.1109375 0.053125
1 0.8453125 0.23125 0.1296875 0.0578125
1 0.83125 0.1640625 0.0984375 0.078125
1 0.6125 0.3296875 0.08125 0.146875
1 0.5375 0.6109375 0.05 0.04375
1 0.4921875 0.1546875 0.0453125 0.0578125
1 0.4765625 0.6640625 0.059375 0.0796875
1 0.225 0.734375 0.09375 0.0515625
1 0.04375 0.2984375 0.0609375 0.0765625
1 0.75625 0.7609375 0.1265625 0.0953125
1 0.328125 0.146875 0.0390625 0.04375