1 0.4453125 0.7109375 0.1234375 0.0984375
1 0.75625 0.809375 0.134375 0.10625
1 0.3453125 0.7109375 0.096875 0.1171875
1 0.9125 0.690625 0.121875 0.109375
1 0.2484375 0.7125 0.0875 0.1
1 0.8953125 0.5296875 0.1171875 0.1046875
1 0.803125 0.55625 0.0953125 0.08125
1 0.1640625 0.7734375 0.10625 0.1
1 0.2421875 0.8171875 0.1140625 0.1015625
1 0.5921875 0.671875 0.11875 0.1125
1 0.784375 0.471875 0.06875 0.0484375
1 0.81875 0.7140625 0.0484375 0.0484375
1 0.9109375 0.8203125 0.1234375 0.10625
1 0.90625 0.6203125 0.075 0.046875
1 0.2921875 0.5875 0.046875 0.053125
1 0.8203125 0.6671875 0.0921875 0.059375
1 0.9109375 0.4515625 0.115625 0.075
1 0.115625 0.6296875 0.075 0.0734375
1 0.7015625 0.396875 0.0734375 0.0609375
1 0.3734375 0.6203125 0.0421875 0.071875
1 0.1953125 0.615625 0.0390625 0.0375
1 0.4859375 0.6515625 0.0453125 0.053125
1 0.096875 0.825 0.065625 0.0921875
1 0.7328125 0.3390625 0.0984375 0.075
1 0.13125 0.66875 0.0984375 0.103125
1 0.15625 0.8390625 0.0984375 0.071875
1 0.6875 0.6953125 0.0421875 0.05
1 0.4140625 0.609375 0.0875 0.0921875
1 0.55 0.7015625 0.0421875 0.0515625
1 0.8875 0.75 0.0921875 0.0765625
1 0.8875 0.284375 0.06875 0.05
1 0.75 0.7375 0.0609375 0.0546875
1 0.8578125 0.2375 0.0484375 0.0515625
1 0.328125 0.540625 0.065625 0.0734375
1 0.83125 0.61875 0.0625 0.0390625
1 0.3203125 0.625 0.065625 0.0796875
1 0.0859375 0.7453125 0.05 0.05625
1 0.7765625 0.5875 0.040625 0.0421875
1 0.2140625 0.66875 0.0765625 0.090625
1 0.6328125 0.634375 0.0609375 0.059375
1 0.971875 0.403125 0.053125 0.0421875
1 0.278125 0.54375 0.04375 0.0421875
1 0.3640625 0.5328125 0.0421875 0.0515625
1 0.9453125 0.3 0.084375 0.05625
1 0.7125 0.71875 0.03125 0.0609375
1 0.746875 0.1984375 0.10625 0.0703125
1 0.3015625 0.778125 0.0625 0.075
1 0.5125 0.6796875 0.0296875 0.0375
1 0.728125 0.5078125 0.0421875 0.025
1 0.7609375 0.415625 0.0578125 0.040625