1 0.7796875 0.8421875 0.1296875 0.15
1 0.4703125 0.5453125 0.14375 0.1375
1 0.0625 0.809375 0.109375 0.1328125
1 0.64375 0.5546875 0.1703125 0.1375
1 0.775 0.65625 0.1671875 0.15
1 0.790625 0.503125 0.134375 0.1515625
1 0.4953125 0.778125 0.1375 0.134375
1 0.275 0.6203125 0.1015625 0.1203125
1 0.0921875 0.284375 0.084375 0.1140625
1 0.190625 0.8203125 0.1359375 0.1640625
1 0.153125 0.6046875 0.1265625 0.15625
1 0.584375 0.6328125 0.15625 0.125
1 0.2 0.3953125 0.1140625 0.13125
1 0.7953125 0.2625 0.13125 0.1359375
1 0.684375 0.7859375 0.13125 0.134375
1 0.25 0.50625 0.1421875 0.1390625
1 0.6984375 0.3828125 0.1296875 0.1609375
1 0.084375 0.4515625 0.121875 0.146875
1 0.328125 0.784375 0.153125 0.14375
1 0.5578125 0.390625 0.1515625 0.1453125
1 0.840625 0.725 0.153125 0.1703125
1 0.8890625 0.365625 0.125 0.15625
1 0.378125 0.503125 0.1171875 0.1328125
1 0.9390625 0.465625 0.1171875 0.125
1 0.39375 0.66875 0.1671875 0.1328125
1 0.50625 0.871875 0.1328125 0.13125
1 0.628125 0.865625 0.1375 0.146875
1 0.0765625 0.6890625 0.0875 0.090625
1 0.2390625 0.7171875 0.1671875 0.096875
1 0.140625 0.884375 0.075 0.0609375
1 0.9375 0.8484375 0.1234375 0.171875
1 0.26875 0.89375 0.14375 0.0921875
1 0.1234375 0.7546875 0.0734375 0.0859375
1 0.971875 0.3078125 0.05625 0.1703125
1 0.3921875 0.8921875 0.1125 0.0890625
1 0.975 0.69375 0.05 0.1390625
1 0.8984375 0.234375 0.090625 0.1015625
1 0.028125 0.690625 0.05625 0.1203125
1 0.03125 0.5078125 0.0625 0.1265625
1 0.03125 0.85 0.0625 0.1375
1 0.875 0.596875 0.09375 0.1109375
1 0.88125 0.16875 0.053125 0.0828125
1 0.06875 0.9125 0.125 0.053125
1 0.0328125 0.303125 0.065625 0.115625
1 0.8 0.175 0.0953125 0.075
1 0.9796875 0.5625 0.0390625 0.1125
1 0.3015625 0.1453125 0.0796875 0.078125
1 0.046875 0.3703125 0.0875 0.0734375
1 0.7953125 0.4171875 0.1078125 0.0765625
1 0.4625 0.4296875 0.1140625 0.1
1 0.3 0.0953125 0.0703125 0.071875
1 0.959375 0.2375 0.0578125 0.0671875
1 0.728125 0.9046875 0.075 0.0703125
1 0.1375 0.1484375 0.1109375 0.175
1 0.6390625 0.0984375 0.075 0.0734375
1 0.909375 0.11875 0.059375 0.0484375
1 0.38125 0.3953125 0.09375 0.0890625
1 0.865625 0.096875 0.06875 0.0640625
1 0.91875 0.684375 0.0484375 0.0671875
1 0.0578125 0.5828125 0.1015625 0.0890625
1 0.43125 0.3546875 0.0578125 0.0734375
1 0.5359375 0.1125 0.0734375 0.071875
1 0.465625 0.2890625 0.109375 0.1703125
1 0.790625 0.1375 0.090625 0.06875
1 0.15625 0.0984375 0.0609375 0.071875
1 0.7296875 0.3078125 0.0515625 0.0484375
1 0.9859375 0.175 0.0265625 0.075
1 0.403125 0.1796875 0.0625 0.134375