1 0.5453125 0.7671875 0.1328125 0.140625
1 0.340625 0.640625 0.15 0.159375
1 0.896875 0.7765625 0.1328125 0.1484375
1 0.665625 0.76875 0.13125 0.159375
1 0.4015625 0.75625 0.15 0.1546875
1 0.2375 0.765625 0.1421875 0.171875
1 0.4875 0.68125 0.13125 0.1328125
1 0.56875 0.534375 0.1484375 0.125
1 0.3640625 0.425 0.134375 0.140625
1 0.140625 0.2703125 0.121875 0.1765625
1 0.165625 0.621875 0.1265625 0.1328125
1 0.8359375 0.8796875 0.134375 0.11875
1 0.671875 0.4421875 0.140625 0.1296875
1 0.19375 0.4046875 0.1625 0.1171875
1 0.9171875 0.275 0.1109375 0.1234375
1 0.9015625 0.58125 0.140625 0.0953125
1 0.9484375 0.659375 0.1015625 0.146875
1 0.3390625 0.2 0.125 0.128125
1 0.2578125 0.303125 0.1203125 0.153125
1 0.0984375 0.68125 0.1203125 0.1578125
1 0.8796875 0.38125 0.128125 0.1265625
1 0.05625 0.8234375 0.1109375 0.1
1 0.959375 0.4625 0.08125 0.1390625
1 0.7765625 0.7859375 0.1078125 0.134375
1 0.759375 0.553125 0.15625 0.121875
1 0.828125 0.65 0.140625 0.1390625
1 0.1296875 0.496875 0.1609375 0.1515625
1 0.3921875 0.5625 0.16875 0.134375
1 0.7625 0.3890625 0.1140625 0.13125
1 0.6703125 0.65625 0.1296875 0.1203125
1 0.58125 0.3 0.146875 0.140625
1 0.0609375 0.3796875 0.121875 0.1296875
1 0.4421875 0.30625 0.128125 0.1484375
1 0.865625 0.49375 0.10625 0.1109375
1 0.5171875 0.4625 0.175 0.13125
1 0.04375 0.2765625 0.0859375 0.121875
1 0.2375 0.1828125 0.0765625 0.0875
1 0.953125 0.8875 0.09375 0.096875
1 0.0296875 0.528125 0.0578125 0.1015625
1 0.09375 0.2140625 0.0640625 0.075
1 0.046875 0.1171875 0.09375 0.1140625
1 0.978125 0.159375 0.0390625 0.0875