1 0.6109375 0.43125 0.159375 0.1859375
1 0.7 0.5609375 0.184375 0.1453125
1 0.1328125 0.45625 0.1625 0.1359375
1 0.225 0.7984375 0.16875 0.18125
1 0.40625 0.3265625 0.125 0.1296875
1 0.3265625 0.2265625 0.146875 0.15
1 0.3515625 0.7890625 0.1390625 0.128125
1 0.6484375 0.7171875 0.15 0.1625
1 0.5328125 0.6140625 0.1625 0.1890625
1 0.2375 0.609375 0.1546875 0.1453125
1 0.1875 0.196875 0.15625 0.1453125
1 0.4203125 0.45 0.146875 0.1578125
1 0.509375 0.78125 0.1828125 0.1390625
1 0.2765625 0.465625 0.1625 0.1421875
1 0.2484375 0.325 0.125 0.1046875
1 0.9265625 0.796875 0.1453125 0.159375
1 0.0625 0.6171875 0.121875 0.13125
1 0.3890625 0.11875 0.1421875 0.11875
1 0.7765625 0.8578125 0.1546875 0.1640625