1 0.565625 0.5265625 0.0453125 0.0578125
1 0.4 0.3515625 0.0328125 0.0703125
1 0.43125 0.3359375 0.03125 0.0375
1 0.5640625 0.2390625 0.040625 0.05625
1 0.265625 0.2796875 0.0359375 0.059375
1 0.409375 0.303125 0.028125 0.046875
1 0.465625 0.3078125 0.0375 0.0828125
1 0.359375 0.2234375 0.0390625 0.0515625
1 0.240625 0.3578125 0.034375 0.0734375
1 0.4296875 0.234375 0.03125 0.04375
1 0.3984375 0.2328125 0.03125 0.04375
1 0.434375 0.2859375 0.0390625 0.06875
1 0.428125 0.4046875 0.028125 0.0640625
1 0.3203125 0.3953125 0.0734375 0.0359375
1 0.2046875 0.3625 0.04375 0.0640625
1 0.55 0.603125 0.0421875 0.0578125
1 0.225 0.3015625 0.0484375 0.0671875
1 0.48125 0.5 0.0359375 0.059375
1 0.4171875 0.44375 0.0546875 0.025
1 0.41875 0.56875 0.0625 0.0359375
1 0.5078125 0.39375 0.0359375 0.0484375
1 0.55625 0.659375 0.0484375 0.0671875
1 0.5640625 0.5625 0.0328125 0.05
1 0.503125 0.30625 0.0375 0.078125
1 0.2625 0.4453125 0.034375 0.034375
1 0.303125 0.3078125 0.0453125 0.0625
1 0.4265625 0.721875 0.03125 0.0328125
1 0.0921875 0.2453125 0.0515625 0.0609375
1 0.5140625 0.59375 0.0375 0.0734375
1 0.3640625 0.4296875 0.0484375 0.059375
1 0.36875 0.2703125 0.071875 0.0453125
1 0.3375 0.51875 0.0546875 0.034375
1 0.55 0.4109375 0.0359375 0.0734375
1 0.5375 0.5453125 0.0296875 0.0421875
1 0.4546875 0.3625 0.03125 0.0375
1 0.146875 0.4859375 0.0765625 0.0375
1 0.4640625 0.403125 0.034375 0.0640625
1 0.171875 0.3171875 0.059375 0.0453125
1 0.6453125 0.63125 0.05 0.04375
1 0.1890625 0.23125 0.0546875 0.0671875
1 0.275 0.6 0.0640625 0.04375
1 0.60625 0.615625 0.046875 0.0375
1 0.8953125 0.3265625 0.1078125 0.040625
1 0.5671875 0.28125 0.034375 0.0421875
1 0.8484375 0.3 0.1046875 0.0484375
1 0.3109375 0.4328125 0.075 0.05
1 0.1203125 0.3484375 0.0421875 0.0609375
1 0.603125 0.275 0.034375 0.0875
1 0.1484375 0.3359375 0.0375 0.065625
1 0.7140625 0.6890625 0.0359375 0.078125
1 0.1390625 0.3859375 0.0375 0.059375
1 0.1703125 0.365625 0.034375 0.05
1 0.6625 0.378125 0.05625 0.1140625
1 0.715625 0.6234375 0.0703125 0.0640625
1 0.1015625 0.3828125 0.0515625 0.0640625
1 0.68125 0.65625 0.04375 0.0515625
1 0.7984375 0.6890625 0.1234375 0.075
1 0.665625 0.7640625 0.0640625 0.0453125
1 0.565625 0.63125 0.0375 0.0359375
1 0.1515625 0.2359375 0.06875 0.0640625
1 0.1109375 0.196875 0.034375 0.0296875