1 0.5083612046875 0.5364757531250001 0.5484949828125 0.459552675 0.531772575 0.396007525 0.494983278125 0.365907190625 0.438127090625 0.365907190625 0.3979933109375 0.4127299328125 0.3979933109375 0.4695861203125 0.41471571875 0.50637541875 0.4782608703125 0.546509196875 0.5083612046875 0.5364757531250001
1 0.3110367890625 0.5097199 0.3311036796875 0.4695861203125 0.3311036796875 0.42610785937499995 0.3076923078125 0.3826295984375 0.2508361203125 0.3759406359375 0.207357859375 0.419418896875 0.20066889687499997 0.476275084375 0.2274247484375 0.5264423078125 0.270903009375 0.5364757531250001 0.3110367890625 0.5097199
1 0.210702340625 0.723766721875 0.22408026718750002 0.6468436453125 0.1939799328125 0.606709865625 0.1605351171875 0.596676421875 0.11036789375 0.6200877921875 0.0735785953125 0.6702550171875 0.07023411406249999 0.7103887953125 0.10033444843749999 0.773933946875 0.14046822812499998 0.777278428125 0.210702340625 0.723766721875
1 0.7257525078125 0.5364757531250001 0.76923076875 0.4695861203125 0.76923076875 0.42610785937499995 0.7491638796875 0.39266304375 0.7023411375 0.362562709375 0.6622073578125 0.359218228125 0.618729096875 0.4026964890625 0.618729096875 0.4528637125 0.6387959859375 0.50637541875 0.6956521734375001 0.539820234375 0.7257525078125 0.5364757531250001
1 0.6354515046875 0.777278428125 0.6655518390624999 0.7371446484375 0.6655518390624999 0.6769439796875 0.6354515046875 0.6301212375 0.612040134375 0.623432275 0.5752508359374999 0.6802884609375 0.5719063546875 0.723766721875 0.5886287625 0.7672449828125 0.6053511703125001 0.777278428125 0.6354515046875 0.777278428125
1 0.44816053437500003 0.777278428125 0.494983278125 0.723766721875 0.49832775937499996 0.656877090625 0.48829431406249996 0.6301212375 0.46488294375 0.606709865625 0.438127090625 0.603365384375 0.41471571875 0.6133988296874999 0.384615384375 0.6501881265625 0.3745819390625 0.6702550171875 0.384615384375 0.7404891296875 0.41137123750000004 0.777278428125 0.44816053437500003 0.777278428125
1 0.8996655515624999 0.7605560203125 0.9264214046875001 0.7070443140625 0.9264214046875001 0.666910534375 0.9063545156249999 0.623432275 0.8628762546875001 0.5866429765625 0.8127090296875 0.5933319390625 0.792642140625 0.623432275 0.7892976593750001 0.6702550171875 0.8160535109374999 0.7404891296875 0.8561872906250001 0.7672449828125 0.8996655515624999 0.7605560203125
1 0.17056856250000002 0.2956730765625 0.17391304375 0.21875 0.086956521875 0.22209448125 0.086956521875 0.305706521875 0.1036789296875 0.33580685625 0.1304347828125 0.33915133750000004 0.17056856250000002 0.2956730765625
1 0.76923076875 0.2923285953125 0.795986621875 0.2889841140625 0.8628762546875001 0.21875 0.7491638796875 0.21875 0.7558528421874999 0.27895066874999996 0.76923076875 0.2923285953125
1 0.6354515046875 0.252194815625 0.64548495 0.21875 0.5418060203125 0.2254389625 0.561872909375 0.2689172234375 0.5986622078125 0.28229515 0.6354515046875 0.252194815625
1 0.3979933109375 0.2655727421875 0.4247491640625 0.23881688906249998 0.42809364531250005 0.21875 0.30434782656250003 0.22209448125 0.34113712343749997 0.27226170625 0.3678929765625 0.27895066874999996 0.3979933109375 0.2655727421875