1 0.559375 0.6734375 0.1515625 0.1140625
1 0.796875 0.415625 0.134375 0.1078125
1 0.3234375 0.740625 0.146875 0.13125
1 0.2859375 0.221875 0.0953125 0.1015625
1 0.2328125 0.8484375 0.1890625 0.1296875
1 0.4859375 0.76875 0.1484375 0.1171875
1 0.296875 0.6265625 0.1546875 0.1109375
1 0.7140625 0.296875 0.1125 0.1078125
1 0.4359375 0.865625 0.175 0.165625
1 0.80625 0.2796875 0.0984375 0.075
1 0.2046875 0.4875 0.103125 0.0828125
1 0.3765625 0.221875 0.096875 0.09375
1 0.3140625 0.5375 0.1421875 0.0984375
1 0.775 0.73125 0.1171875 0.115625
1 0.3015625 0.9375 0.159375 0.1203125
1 0.290625 0.4578125 0.0875 0.0671875
1 0.8359375 0.621875 0.0734375 0.1109375
1 0.23125 0.4046875 0.11875 0.078125
1 0.4234375 0.496875 0.09375 0.0828125
1 0.6125 0.59375 0.096875 0.06875
1 0.525 0.44375 0.115625 0.1078125
1 0.165625 0.4421875 0.065625 0.0515625
1 0.19375 0.6640625 0.103125 0.1078125
1 0.5234375 0.1515625 0.084375 0.0828125
1 0.415625 0.3390625 0.10625 0.090625
1 0.6671875 0.565625 0.1046875 0.0921875
1 0.146875 0.803125 0.0453125 0.0984375
1 0.5375 0.3515625 0.121875 0.0890625
1 0.21875 0.7421875 0.075 0.0875
1 0.23125 0.346875 0.0609375 0.0484375
1 0.434375 0.5859375 0.1140625 0.0921875
1 0.63125 0.88125 0.1265625 0.1640625
1 0.1453125 0.6359375 0.0421875 0.075
1 0.1546875 0.715625 0.0625 0.0984375
1 0.2 0.5640625 0.0875 0.0828125
1 0.66875 0.640625 0.0609375 0.0625
1 0.4328125 0.659375 0.0984375 0.1109375
1 0.5390625 0.2421875 0.090625 0.0828125
1 0.6328125 0.353125 0.1046875 0.0859375
1 0.7453125 0.653125 0.1171875 0.0765625
1 0.209375 0.1953125 0.0875 0.078125
1 0.459375 0.234375 0.078125 0.071875
1 0.5015625 0.5265625 0.071875 0.0609375
1 0.6328125 0.2875 0.1046875 0.0734375
1 0.7671875 0.48125 0.0640625 0.059375
1 0.3609375 0.4046875 0.1359375 0.090625
1 0.8 0.5296875 0.078125 0.0875
1 0.29375 0.3046875 0.084375 0.084375
1 0.146875 0.3203125 0.0453125 0.0734375
1 0.73125 0.2265625 0.1015625 0.08125
1 0.8546875 0.20625 0.0421875 0.0546875
1 0.8328125 0.7109375 0.0796875 0.0828125
1 0.6890625 0.4640625 0.1 0.1234375
1 0.14375 0.2421875 0.040625 0.0625
1 0.728125 0.146875 0.075 0.0796875
1 0.2296875 0.128125 0.078125 0.0546875
1 0.6125 0.4421875 0.0765625 0.09375
1 0.4 0.2890625 0.1046875 0.0609375
1 0.8078125 0.3421875 0.103125 0.059375
1 0.8328125 0.7953125 0.0859375 0.0875
1 0.83125 0.903125 0.0359375 0.053125
1 0.7421875 0.575 0.0828125 0.0953125
1 0.6578125 0.7390625 0.109375 0.1140625
1 0.846875 0.9625 0.0515625 0.075
1 0.190625 0.2578125 0.0953125 0.059375
1 0.6171875 0.075 0.0578125 0.046875
1 0.3171875 0.353125 0.09375 0.06875
1 0.14375 0.4703125 0.040625 0.0765625
1 0.2234375 0.959375 0.0890625 0.08125
1 0.828125 0.23125 0.0515625 0.03125
1 0.153125 0.109375 0.0546875 0.0421875
1 0.4984375 0.09375 0.0609375 0.0421875
1 0.225 0.08125 0.05625 0.046875
1 0.5828125 0.5140625 0.0921875 0.078125
1 0.1609375 0.95625 0.06875 0.0828125
1 0.5453125 0.575 0.05 0.040625
1 0.6546875 0.1421875 0.0859375 0.1
1 0.328125 0.41875 0.0640625 0.05625
1 0.3171875 0.1265625 0.10625 0.0671875
1 0.203125 0.0375 0.0453125 0.0328125
1 0.4265625 0.0859375 0.065625 0.0765625
1 0.5765625 0.109375 0.06875 0.059375
1 0.2859375 0.065625 0.0703125 0.046875
1 0.365625 0.4796875 0.0609375 0.0640625
1 0.8359375 0.5125 0.0796875 0.0796875
1 0.6203125 0.1984375 0.103125 0.1015625
1 0.309375 0.1734375 0.0734375 0.046875
1 0.565625 0.071875 0.08125 0.0390625
1 0.471875 0.0703125 0.046875 0.0375
1 0.6296875 0.7953125 0.0703125 0.0625
1 0.790625 0.1125 0.05 0.0375
1 0.8375 0.15 0.0515625 0.0453125
1 0.775 0.184375 0.0515625 0.0546875
1 0.14375 0.1328125 0.040625 0.053125
1 0.4515625 0.1703125 0.0921875 0.0765625
1 0.8515625 0.56875 0.0484375 0.0453125
1 0.7015625 0.36875 0.0671875 0.0640625
1 0.384375 0.15 0.0640625 0.05625
1 0.440625 0.040625 0.05625 0.0390625
1 0.496875 0.471875 0.0671875 0.0640625
1 0.484375 0.3015625 0.046875 0.046875
1 0.8484375 0.884375 0.053125 0.10625
1 0.490625 0.040625 0.0421875 0.0328125
1 0.371875 0.0890625 0.053125 0.040625
1 0.2703125 0.0375 0.06875 0.04375
1 0.175 0.90625 0.103125 0.05625
1 0.1421875 0.378125 0.0375 0.046875