1 0.63125 0.6046875 0.1453125 0.140625
1 0.5546875 0.3234375 0.1328125 0.1234375
1 0.4125 0.6140625 0.1375 0.1609375
1 0.6234375 0.378125 0.1609375 0.128125
1 0.3703125 0.3921875 0.1265625 0.115625
1 0.265625 0.290625 0.1265625 0.1359375
1 0.1109375 0.5734375 0.1046875 0.15
1 0.809375 0.284375 0.121875 0.13125
1 0.5171875 0.515625 0.1234375 0.153125
1 0.9328125 0.3453125 0.11875 0.11875
1 0.5078125 0.2234375 0.1484375 0.1265625
1 0.7796875 0.5578125 0.140625 0.1171875
1 0.365625 0.2421875 0.1125 0.13125
1 0.43125 0.31875 0.1078125 0.10625
1 0.334375 0.5578125 0.109375 0.1609375
1 0.734375 0.403125 0.1328125 0.15
1 0.5078125 0.7734375 0.1359375 0.146875
1 0.5578125 0.6859375 0.1125 0.13125
1 0.16875 0.5890625 0.103125 0.121875
1 0.8640625 0.6625 0.1453125 0.1328125
1 0.2296875 0.4234375 0.1234375 0.15
1 0.1375 0.70625 0.14375 0.1296875
1 0.4984375 0.4328125 0.1125 0.1140625
1 0.925 0.5015625 0.1453125 0.1984375
1 0.4125 0.4828125 0.0953125 0.0921875
1 0.0328125 0.5796875 0.0640625 0.1203125
1 0.7921875 0.4828125 0.1265625 0.084375
1 0.8359375 0.4 0.090625 0.1140625
1 0.1046875 0.4109375 0.11875 0.15
1 0.346875 0.8 0.13125 0.09375
1 0.075 0.7578125 0.096875 0.0984375
1 0.959375 0.246875 0.0796875 0.13125
1 0.6953125 0.3078125 0.1234375 0.09375
1 0.634375 0.4828125 0.1125 0.1015625
1 0.590625 0.1765625 0.0984375 0.05
1 0.1609375 0.8078125 0.0828125 0.0796875
1 0.1453125 0.2953125 0.0984375 0.1
1 0.8203125 0.759375 0.115625 0.096875
1 0.6515625 0.2390625 0.1296875 0.1015625
1 0.0234375 0.753125 0.046875 0.1046875
1 0.3078125 0.4078125 0.0671875 0.1140625
1 0.64375 0.7359375 0.1078125 0.10625
1 0.63125 0.8171875 0.1046875 0.0609375