1 0.096875 0.4359375 0.134375 0.1546875
1 0.24375 0.4375 0.1390625 0.15625
1 0.4125 0.34375 0.121875 0.1265625
1 0.19375 0.5515625 0.13125 0.125
1 0.5640625 0.584375 0.1234375 0.13125
1 0.0828125 0.2828125 0.115625 0.1234375
1 0.1703125 0.3 0.1015625 0.1421875
1 0.265625 0.671875 0.14375 0.1328125
1 0.334375 0.2015625 0.1203125 0.1359375
1 0.815625 0.684375 0.0984375 0.121875
1 0.4453125 0.565625 0.1234375 0.115625
1 0.4484375 0.1890625 0.1203125 0.140625
1 0.559375 0.19375 0.1171875 0.1203125
1 0.709375 0.834375 0.121875 0.128125
1 0.71875 0.7109375 0.115625 0.121875
1 0.3328125 0.4421875 0.10625 0.165625
1 0.1265625 0.8171875 0.1015625 0.1203125
1 0.84375 0.7875 0.1125 0.1078125
1 0.290625 0.571875 0.1046875 0.1171875
1 0.13125 0.1203125 0.1140625 0.121875
1 0.325 0.7609375 0.11875 0.1609375
1 0.4140625 0.1078125 0.1453125 0.096875
1 0.6171875 0.4390625 0.13125 0.121875
1 0.853125 0.884375 0.1078125 0.10625
1 0.2234375 0.2046875 0.1375 0.1296875
1 0.54375 0.33125 0.1171875 0.153125
1 0.0578125 0.6921875 0.1078125 0.1109375
1 0.559375 0.9078125 0.125 0.0640625
1 0.5859375 0.84375 0.103125 0.1109375
1 0.5234375 0.709375 0.1140625 0.1421875
1 0.5046875 0.821875 0.103125 0.1390625
1 0.4125 0.7078125 0.1046875 0.1359375
1 0.3640625 0.853125 0.1078125 0.103125
1 0.4609375 0.46875 0.1453125 0.14375
1 0.65 0.621875 0.1109375 0.1109375
1 0.4421875 0.909375 0.115625 0.0609375
1 0.946875 0.69375 0.09375 0.1
1 0.621875 0.759375 0.0859375 0.1109375
1 0.2859375 0.0984375 0.1203125 0.078125
1 0.5421875 0.1046875 0.1234375 0.084375
1 0.134375 0.725 0.1046875 0.0703125
1 0.228125 0.7921875 0.1109375 0.0984375
1 0.0625 0.346875 0.1203125 0.1078125
1 0.053125 0.2046875 0.1046875 0.0859375
1 0.4609375 0.65625 0.0515625 0.0625
1 0.9375 0.453125 0.0984375 0.1046875
1 0.959375 0.7703125 0.078125 0.121875
1 0.3 0.328125 0.1046875 0.071875
1 0.45625 0.296875 0.0953125 0.09375
1 0.0359375 0.1453125 0.06875 0.078125
1 0.7953125 0.184375 0.11875 0.06875
1 0.2015625 0.7109375 0.0671875 0.0546875
1 0.046875 0.5734375 0.09375 0.128125
1 0.9328125 0.8625 0.06875 0.096875