1 0.561872909375 0.56992056875 0.612040134375 0.51306438125 0.615384615625 0.44283026718749996 0.6053511703125001 0.419418896875 0.58528428125 0.39266304375 0.5351170562500001 0.3826295984375 0.505016721875 0.39935200625 0.48829431406249996 0.43614130468749995 0.4849498328125 0.482964046875 0.49832775937499996 0.5230978265624999 0.5250836125 0.5632316046875 0.561872909375 0.56992056875
1 0.41137123750000004 0.5531981609375001 0.4247491640625 0.5197533437499999 0.41471571875 0.43614130468749995 0.3913043484375 0.4093854515625 0.3645484953125 0.4026964890625 0.327759196875 0.422763378125 0.30100334375000004 0.46624163906250005 0.30434782656250003 0.539820234375 0.3444816046875 0.5899874578125 0.3678929765625 0.5899874578125 0.41137123750000004 0.5531981609375001
1 0.7491638796875 0.5331312703125 0.7826086953125 0.476275084375 0.7792642140625 0.419418896875 0.735785953125 0.36925167187499996 0.7023411375 0.36925167187499996 0.6822742468749999 0.3893185625 0.6688963203125 0.419418896875 0.678929765625 0.48630852812500003 0.7157190640625 0.5264423078125 0.7491638796875 0.5331312703125
1 0.88963210625 0.7605560203125 0.916387959375 0.6970108703125 0.9030100328125 0.6301212375 0.8729096984375 0.600020903125 0.8428093640625001 0.5899874578125 0.8093645484374999 0.5933319390625 0.7892976593750001 0.6200877921875 0.7892976593750001 0.6836329437499999 0.8127090296875 0.7271112046875 0.8561872906250001 0.7605560203125 0.88963210625 0.7605560203125
1 0.6588628765625 0.7338001671875001 0.6387959859375 0.660221571875 0.612040134375 0.63346571875 0.5785953171875 0.623432275 0.555183946875 0.663566053125 0.551839465625 0.720422240625 0.5752508359374999 0.777278428125 0.64548495 0.777278428125 0.6588628765625 0.7338001671875001
1 0.4548494984375 0.6702550171875 0.4314381265625 0.6735994984375 0.41471571875 0.713733278125 0.41471571875 0.777278428125 0.4916387953125 0.777278428125 0.48829431406249996 0.723766721875 0.4548494984375 0.6702550171875
1 0.2842809359375 0.666910534375 0.23076923124999998 0.660221571875 0.1906354515625 0.723766721875 0.1872909703125 0.777278428125 0.2976588625 0.777278428125 0.30100334375000004 0.713733278125 0.2842809359375 0.666910534375
1 0.2274247484375 0.3224289296875 0.2809364546875 0.3491847828125 0.29431438125 0.32911789375 0.29431438125 0.27895066874999996 0.270903009375 0.21875 0.1906354515625 0.21875 0.1906354515625 0.2655727421875 0.2274247484375 0.3224289296875
1 0.4247491640625 0.31573996718749997 0.444816053125 0.312395484375 0.4581939796875 0.2923285953125 0.4615384609375 0.21875 0.3678929765625 0.21875 0.387959865625 0.28229515 0.4247491640625 0.31573996718749997
1 0.5819398 0.2622282609375 0.6321070234375 0.27895066874999996 0.6622073578125 0.21875 0.565217390625 0.21875 0.565217390625 0.2287834453125 0.5819398 0.2622282609375
1 0.8327759203125 0.31573996718749997 0.8628762546875001 0.28563963281250004 0.8628762546875001 0.21875 0.7792642140625 0.21875 0.8026755859374999 0.2923285953125 0.8327759203125 0.31573996718749997