1 0.0953125 0.4890625 0.1453125 0.1640625
1 0.3171875 0.7078125 0.15625 0.1421875
1 0.484375 0.71875 0.121875 0.146875
1 0.60625 0.703125 0.1234375 0.1390625
1 0.4 0.7890625 0.121875 0.1703125
1 0.6671875 0.403125 0.1484375 0.128125
1 0.8328125 0.796875 0.125 0.1359375
1 0.21875 0.59375 0.1484375 0.134375
1 0.14375 0.0796875 0.0921875 0.0390625
1 0.334375 0.5953125 0.1125 0.1140625
1 0.8 0.3828125 0.1109375 0.1265625
1 0.1875 0.8765625 0.115625 0.1125
1 0.1984375 0.225 0.15625 0.1359375
1 0.6 0.821875 0.1109375 0.146875
1 0.9203125 0.9234375 0.103125 0.0328125
1 0.8203125 0.6703125 0.13125 0.1296875
1 0.56875 0.309375 0.1265625 0.15625
1 0.9578125 0.7265625 0.0828125 0.1203125
1 0.6328125 0.5625 0.1390625 0.1390625
1 0.4578125 0.8796875 0.1109375 0.109375
1 0.4421875 0.1765625 0.1265625 0.146875
1 0.5140625 0.090625 0.096875 0.0609375
1 0.503125 0.4578125 0.1625 0.1375
1 0.7234375 0.7296875 0.0921875 0.1203125
1 0.425 0.3375 0.1375 0.13125
1 0.0828125 0.7625 0.1453125 0.1140625
1 0.746875 0.5921875 0.11875 0.11875
1 0.7625 0.9125 0.075 0.0515625
1 0.4921875 0.5625 0.1609375 0.1171875
1 0.2734375 0.2875 0.1390625 0.1265625
1 0.1890625 0.7859375 0.109375 0.075
1 0.1484375 0.3390625 0.109375 0.1484375
1 0.253125 0.465625 0.1484375 0.1546875
1 0.31875 0.2015625 0.134375 0.1359375
1 0.9265625 0.6234375 0.10625 0.1296875
1 0.0796875 0.1328125 0.1203125 0.125
1 0.4703125 0.125 0.071875 0.0609375
1 0.24375 0.10625 0.13125 0.09375
1 0.3015625 0.8984375 0.1125 0.0765625
1 0.0609375 0.33125 0.11875 0.140625
1 0.35625 0.45625 0.121875 0.1671875
1 0.5671875 0.1578125 0.121875 0.11875
1 0.53125 0.6546875 0.0546875 0.065625
1 0.9703125 0.8265625 0.0578125 0.1109375
1 0.2515625 0.7625 0.078125 0.0515625
1 0.428125 0.6375 0.0828125 0.075
1 0.621875 0.46875 0.090625 0.0796875
1 0.1609375 0.1546875 0.0828125 0.0890625
1 0.146875 0.65625 0.078125 0.0765625
1 0.4375 0.5515625 0.0796875 0.0828125
1 0.2703125 0.4 0.0734375 0.0546875
1 0.984375 0.3796875 0.0296875 0.065625
1 0.2875 0.834375 0.1265625 0.0921875
1 0.0390625 0.75 0.065625 0.0734375
1 0.609375 0.1015625 0.10625 0.0609375
1 0.0484375 0.6671875 0.09375 0.09375
1 0.21875 0.184375 0.0984375 0.0640625
1 0.028125 0.2640625 0.0546875 0.071875
1 0.503125 0.809375 0.1265625 0.1
1 0.83125 0.1109375 0.1 0.065625
1 0.85 0.9 0.10625 0.078125