1 0.63125 0.6484375 0.1203125 0.1359375
1 0.3421875 0.621875 0.08125 0.0796875
1 0.5140625 0.38125 0.140625 0.1390625
1 0.64375 0.44375 0.121875 0.10625
1 0.3609375 0.7453125 0.1625 0.146875
1 0.2046875 0.7390625 0.146875 0.140625
1 0.6265625 0.553125 0.1421875 0.121875
1 0.765625 0.753125 0.1859375 0.1796875
1 0.340625 0.5328125 0.1375 0.11875
1 0.4734375 0.66875 0.2125 0.18125
1 0.784375 0.60625 0.175 0.14375
1 0.215625 0.4296875 0.084375 0.0796875
1 0.240625 0.6359375 0.1484375 0.1015625
1 0.80625 0.3984375 0.109375 0.084375
1 0.5484375 0.478125 0.0828125 0.071875
1 0.5640625 0.7859375 0.184375 0.1484375
1 0.4921875 0.540625 0.065625 0.053125
1 0.6265625 0.896875 0.2234375 0.1984375
1 0.40625 0.56875 0.125 0.0984375
1 0.446875 0.4640625 0.1125 0.096875
1 0.7796875 0.4984375 0.1828125 0.1265625
1 0.384375 0.18125 0.1328125 0.09375
1 0.7171875 0.421875 0.0796875 0.090625
1 0.4828125 0.8921875 0.0859375 0.0953125
1 0.628125 0.371875 0.0625 0.0453125
1 0.38125 0.265625 0.1421875 0.1125
1 0.771875 0.2671875 0.1234375 0.09375
1 0.8015625 0.203125 0.115625 0.109375
1 0.175 0.1734375 0.1015625 0.1
1 0.1625 0.825 0.078125 0.134375
1 0.7140625 0.1015625 0.1390625 0.1234375
1 0.3125 0.4046875 0.1234375 0.1546875
1 0.809375 0.1 0.1265625 0.1359375
1 0.171875 0.4921875 0.0953125 0.1265625
1 0.178125 0.253125 0.1078125 0.0796875
1 0.153125 0.6 0.059375 0.121875
1 0.2421875 0.5453125 0.1078125 0.1234375
1 0.1546875 0.70625 0.0609375 0.096875
1 0.2390625 0.8828125 0.19375 0.2015625
1 0.28125 0.1984375 0.1421875 0.1359375
1 0.6859375 0.3390625 0.1125 0.075
1 0.40625 0.3765625 0.0953125 0.1203125
1 0.784375 0.95625 0.1765625 0.0875
1 0.3828125 0.9140625 0.165625 0.1703125
1 0.484375 0.190625 0.08125 0.059375
1 0.596875 0.11875 0.1046875 0.09375
1 0.8390625 0.325 0.0703125 0.084375
1 0.4984375 0.265625 0.165625 0.1125
1 0.25625 0.1046875 0.1328125 0.10625
1 0.4984375 0.1265625 0.115625 0.0984375
1 0.53125 0.5734375 0.115625 0.0765625
1 0.6765625 0.1859375 0.1390625 0.078125
1 0.20625 0.0453125 0.0671875 0.0765625
1 0.571875 0.196875 0.0578125 0.0546875
1 0.765625 0.34375 0.084375 0.071875
1 0.6515625 0.24375 0.14375 0.1171875
1 0.3984375 0.0703125 0.121875 0.1265625
1 0.778125 0.0375 0.10625 0.059375
1 0.146875 0.4484375 0.0453125 0.0765625
1 0.7203125 0.684375 0.0828125 0.0546875
1 0.1515625 0.109375 0.05625 0.05
1 0.815625 0.88125 0.1125 0.1578125
1 0.609375 0.04375 0.11875 0.0859375
1 0.6921875 0.025 0.075 0.046875
1 0.265625 0.0265625 0.0984375 0.053125
1 0.5046875 0.0375 0.1046875 0.075
1 0.240625 0.509375 0.071875 0.0546875
1 0.2765625 0.8203125 0.1125 0.0828125
1 0.24375 0.3671875 0.0625 0.071875
1 0.1421875 0.95625 0.0375 0.075
1 0.15 0.0234375 0.0515625 0.0390625
1 0.503125 0.9453125 0.103125 0.1046875
1 0.2375 0.225 0.0609375 0.075
1 0.14375 0.8765625 0.0390625 0.0578125
1 0.3515625 0.0375 0.096875 0.0734375