1 0.76875 0.2890625 0.046875 0.0875
1 0.684375 0.453125 0.08125 0.0546875
1 0.5515625 0.209375 0.0453125 0.065625
1 0.578125 0.38125 0.0421875 0.1
1 0.5703125 0.3078125 0.0390625 0.0625
1 0.59375 0.209375 0.0375 0.0640625
1 0.646875 0.2015625 0.053125 0.0734375
1 0.625 0.265625 0.1046875 0.0625
1 0.534375 0.453125 0.0359375 0.0875
1 0.5390625 0.3515625 0.040625 0.0515625
1 0.715625 0.3296875 0.0609375 0.0875
1 0.8984375 0.6015625 0.0984375 0.0578125
1 0.753125 0.53125 0.0484375 0.05
1 0.4453125 0.303125 0.053125 0.1125
1 0.5375 0.278125 0.0546875 0.090625
1 0.6828125 0.5109375 0.0734375 0.059375
1 0.8375 0.421875 0.053125 0.0984375
1 0.528125 0.6921875 0.0734375 0.05
1 0.79375 0.4109375 0.0453125 0.1046875
1 0.4984375 0.39375 0.04375 0.0578125
1 0.484375 0.446875 0.046875 0.0875
1 0.715625 0.7515625 0.0859375 0.0546875
1 0.81875 0.3296875 0.0625 0.103125
1 0.36875 0.4484375 0.053125 0.1
1 0.5421875 0.5109375 0.0625 0.040625
1 0.3984375 0.715625 0.0546875 0.109375
1 0.359375 0.25625 0.046875 0.05625
1 0.4265625 0.4265625 0.0484375 0.0703125
1 0.3484375 0.725 0.053125 0.0890625
1 0.334375 0.8015625 0.0734375 0.090625
1 0.884375 0.3609375 0.0796875 0.0734375
1 0.4546875 0.5828125 0.05 0.0890625
1 0.3390625 0.6015625 0.065625 0.0890625
1 0.115625 0.7296875 0.1171875 0.090625
1 0.115625 0.821875 0.0515625 0.10625
1 0.2171875 0.7484375 0.0734375 0.0609375
1 0.371875 0.1953125 0.0546875 0.078125
1 0.6171875 0.5390625 0.05625 0.0484375
1 0.9671875 0.4609375 0.0609375 0.084375
1 0.8859375 0.4390625 0.0453125 0.0515625
1 0.9171875 0.465625 0.053125 0.0828125
1 0.496875 0.31875 0.0421875 0.0875
1 0.1671875 0.7875 0.06875 0.090625
1 0.9515625 0.4125 0.0515625 0.0859375
1 0.9171875 0.390625 0.05 0.09375
1 0.965625 0.3359375 0.0640625 0.0703125
1 0.628125 0.478125 0.053125 0.046875
1 0.825 0.51875 0.128125 0.0875
1 0.3171875 0.2421875 0.0546875 0.1265625
1 0.8734375 0.2328125 0.078125 0.0921875