1 0.5484375 0.49375 0.1609375 0.128125
1 0.8 0.2734375 0.125 0.140625
1 0.8875 0.4859375 0.1328125 0.1640625
1 0.2125 0.5140625 0.1453125 0.165625
1 0.928125 0.309375 0.1234375 0.159375
1 0.771875 0.4015625 0.14375 0.1453125
1 0.2109375 0.7625 0.159375 0.1765625
1 0.4484375 0.6140625 0.15625 0.14375
1 0.3734375 0.7921875 0.1421875 0.14375
1 0.290625 0.8703125 0.15625 0.140625
1 0.2515625 0.6671875 0.1828125 0.1515625
1 0.453125 0.8609375 0.15 0.159375
1 0.834375 0.8515625 0.1484375 0.16875
1 0.159375 0.265625 0.1421875 0.1609375
1 0.05625 0.509375 0.1109375 0.1359375
1 0.0765625 0.3828125 0.1359375 0.16875
1 0.1109375 0.88125 0.1703125 0.11875
1 0.8203125 0.61875 0.1625 0.1
1 0.89375 0.7203125 0.140625 0.178125
1 0.428125 0.3453125 0.1609375 0.1609375
1 0.04375 0.7578125 0.084375 0.1484375
1 0.6375 0.4265625 0.1234375 0.146875
1 0.578125 0.8578125 0.15 0.1609375
1 0.2765625 0.3703125 0.1546875 0.171875
1 0.65625 0.6171875 0.1765625 0.1375
1 0.38125 0.5421875 0.184375 0.1546875
1 0.7609375 0.53125 0.11875 0.125
1 0.74375 0.715625 0.1609375 0.140625
1 0.7046875 0.8703125 0.1140625 0.13125
1 0.575 0.734375 0.146875 0.1296875
1 0.8875 0.1296875 0.0953125 0.1203125
1 0.159375 0.6984375 0.071875 0.078125
1 0.04375 0.2515625 0.0828125 0.1234375