1 0.8171875 0.5375 0.165625 0.1671875
1 0.5390625 0.5140625 0.1265625 0.2015625
1 0.6046875 0.634375 0.121875 0.1546875
1 0.85 0.721875 0.1796875 0.1609375
1 0.771875 0.815625 0.1765625 0.1140625
1 0.9296875 0.590625 0.140625 0.175
1 0.596875 0.7984375 0.1625 0.1453125
1 0.9328125 0.8328125 0.134375 0.075
1 0.453125 0.7171875 0.1953125 0.23125
1 0.371875 0.490625 0.2078125 0.2
1 0.20625 0.515625 0.159375 0.171875
1 0.240625 0.353125 0.1953125 0.1828125
1 0.06875 0.2734375 0.1375 0.2078125
1 0.1421875 0.34375 0.1015625 0.178125