1 0.371875 0.4734375 0.1234375 0.1375
1 0.7828125 0.584375 0.1390625 0.1890625
1 0.696875 0.2796875 0.146875 0.1671875
1 0.6796875 0.4953125 0.121875 0.1359375
1 0.4171875 0.3828125 0.178125 0.1453125
1 0.3015625 0.58125 0.1 0.1046875
1 0.2953125 0.678125 0.1421875 0.1546875
1 0.59375 0.41875 0.134375 0.16875
1 0.4875 0.609375 0.1875 0.165625
1 0.678125 0.6515625 0.1390625 0.16875
1 0.1828125 0.621875 0.2046875 0.1828125
1 0.5078125 0.4765625 0.115625 0.1234375
1 0.109375 0.4171875 0.209375 0.1671875
1 0.8734375 0.6453125 0.1265625 0.19375
1 0.55 0.2421875 0.1765625 0.15625