1 0.275 0.7578125 0.11875 0.11875
1 0.4859375 0.8796875 0.11875 0.165625
1 0.63125 0.38125 0.065625 0.065625
1 0.44375 0.4671875 0.1015625 0.0875
1 0.7078125 0.3671875 0.0921875 0.078125
1 0.715625 0.309375 0.0484375 0.0484375
1 0.409375 0.3625 0.065625 0.059375
1 0.771875 0.3046875 0.0828125 0.08125
1 0.6390625 0.703125 0.109375 0.1234375
1 0.15625 0.3265625 0.065625 0.0640625
1 0.74375 0.6109375 0.1375 0.1015625
1 0.3953125 0.4 0.0953125 0.0921875
1 0.3890625 0.725 0.096875 0.08125
1 0.65625 0.4515625 0.1078125 0.1125
1 0.659375 0.0921875 0.0484375 0.04375
1 0.1953125 0.7328125 0.0640625 0.059375
1 0.4359375 0.04375 0.0375 0.0359375
1 0.3453125 0.31875 0.0765625 0.0703125
1 0.2046875 0.2953125 0.06875 0.0875
1 0.3625 0.371875 0.05 0.05
1 0.3703125 0.23125 0.06875 0.071875
1 0.546875 0.4640625 0.08125 0.065625
1 0.7078125 0.5125 0.13125 0.115625
1 0.4046875 0.609375 0.059375 0.0625
1 0.4390625 0.54375 0.0640625 0.059375
1 0.696875 0.6578125 0.065625 0.0515625
1 0.459375 0.23125 0.1015625 0.0765625
1 0.1625 0.46875 0.078125 0.075
1 0.6265625 0.5984375 0.0921875 0.084375
1 0.6140625 0.1046875 0.059375 0.05
1 0.7203125 0.7640625 0.1546875 0.1625
1 0.5671875 0.1390625 0.0703125 0.0625
1 0.6078125 0.05625 0.0703125 0.0578125
1 0.615625 0.1734375 0.071875 0.0453125
1 0.209375 0.6703125 0.04375 0.078125
1 0.2859375 0.146875 0.0421875 0.0375
1 0.5484375 0.784375 0.0609375 0.0578125
1 0.5828125 0.4265625 0.059375 0.0484375
1 0.5546875 0.2609375 0.08125 0.0578125
1 0.403125 0.7953125 0.1 0.0984375
1 0.803125 0.5 0.0765625 0.103125
1 0.8328125 0.6515625 0.08125 0.11875
1 0.8328125 0.7671875 0.0796875 0.121875
1 0.3078125 0.2453125 0.0703125 0.0796875
1 0.459375 0.6296875 0.0640625 0.075
1 0.3625 0.665625 0.075 0.096875
1 0.1609375 0.634375 0.0734375 0.06875
1 0.821875 0.5796875 0.0640625 0.0671875
1 0.4796875 0.3375 0.1 0.075
1 0.5171875 0.43125 0.04375 0.0375
1 0.5359375 0.6578125 0.146875 0.14375
1 0.628125 0.215625 0.1078125 0.06875
1 0.4 0.284375 0.065625 0.0671875
1 0.5828125 0.8578125 0.1203125 0.1375
1 0.1875 0.58125 0.0578125 0.0640625
1 0.7578125 0.9109375 0.125 0.1078125
1 0.415625 0.3375 0.0453125 0.0421875
1 0.3828125 0.884375 0.0875 0.0890625
1 0.15625 0.6921875 0.0625 0.0671875
1 0.5546875 0.3296875 0.0953125 0.0921875
1 0.621875 0.265625 0.0484375 0.0390625
1 0.415625 0.95 0.096875 0.08125
1 0.81875 0.365625 0.0953125 0.084375
1 0.221875 0.5640625 0.1203125 0.1125
1 0.4125 0.1796875 0.065625 0.0546875
1 0.3203125 0.1171875 0.040625 0.0359375
1 0.2359375 0.4390625 0.0703125 0.103125
1 0.253125 0.225 0.0640625 0.06875
1 0.321875 0.44375 0.0796875 0.06875
1 0.478125 0.296875 0.090625 0.0578125
1 0.5109375 0.5203125 0.0546875 0.0515625
1 0.5875 0.534375 0.1015625 0.071875
1 0.5625 0.0546875 0.05 0.04375
1 0.39375 0.134375 0.053125 0.0484375
1 0.8390625 0.4390625 0.0640625 0.0578125
1 0.334375 0.8140625 0.071875 0.0828125
1 0.75 0.4265625 0.0703125 0.059375
1 0.6609375 0.140625 0.071875 0.0640625
1 0.14375 0.378125 0.0390625 0.0625
1 0.3015625 0.3984375 0.075 0.084375
1 0.265625 0.6609375 0.1046875 0.096875
1 0.3765625 0.50625 0.078125 0.078125
1 0.51875 0.09375 0.059375 0.0484375
1 0.4703125 0.16875 0.0453125 0.0515625
1 0.8546875 0.8578125 0.0390625 0.0703125
1 0.5171875 0.196875 0.096875 0.084375
1 0.14375 0.5734375 0.0390625 0.0578125
1 0.2 0.3953125 0.0828125 0.084375
1 0.3375 0.5515625 0.0796875 0.1140625
1 0.3171875 0.159375 0.0390625 0.040625
1 0.646875 0.3125 0.0921875 0.0765625
1 0.2671875 0.325 0.0765625 0.0984375
1 0.5015625 0.58125 0.04375 0.04375
1 0.2 0.51875 0.0890625 0.0765625
1 0.6328125 0.8015625 0.065625 0.0640625
1 0.8390625 0.3140625 0.0640625 0.065625
1 0.353125 0.15 0.0609375 0.0703125
1 0.55 0.96875 0.1265625 0.0609375
1 0.4453125 0.684375 0.0484375 0.0515625
1 0.653125 0.9046875 0.0890625 0.1015625
1 0.140625 0.434375 0.034375 0.046875
1 0.2875 0.484375 0.0625 0.0578125
1 0.7203125 0.2015625 0.0515625 0.05
1 0.7140625 0.971875 0.090625 0.05625
1 0.1453125 0.509375 0.0421875 0.053125
1 0.853125 0.50625 0.04375 0.096875
1 0.209375 0.78125 0.046875 0.0484375
1 0.140625 0.40625 0.0328125 0.05
1 0.4859375 0.025 0.0625 0.046875
1 0.6484375 0.9640625 0.1140625 0.071875
1 0.5515625 0.5796875 0.0890625 0.0609375
1 0.446875 0.0796875 0.06875 0.0484375
1 0.759375 0.19375 0.0359375 0.0375
1 0.1734375 0.103125 0.0234375 0.0265625
1 0.59375 0.0203125 0.04375 0.034375
1 0.7828125 0.40625 0.0703125 0.053125
1 0.74375 0.228125 0.103125 0.0890625
1 0.303125 0.8828125 0.1 0.115625