1 0.6296875 0.3578125 0.18125 0.14375
1 0.5421875 0.45 0.1 0.1125
1 0.675 0.4703125 0.1671875 0.1484375
1 0.3515625 0.2546875 0.153125 0.16875
1 0.36875 0.4703125 0.1140625 0.1359375
1 0.3703125 0.621875 0.1375 0.1578125
1 0.565625 0.5890625 0.1765625 0.1578125
1 0.496875 0.221875 0.1703125 0.1390625
1 0.265625 0.5609375 0.1359375 0.184375
1 0.8640625 0.5921875 0.184375 0.1734375
1 0.2953125 0.3765625 0.1453125 0.140625
1 0.75625 0.653125 0.1375 0.1515625
1 0.265625 0.2359375 0.071875 0.096875
1 0.796875 0.778125 0.125 0.1359375
1 0.453125 0.5234375 0.0890625 0.109375
1 0.4234375 0.7171875 0.140625 0.2078125
1 0.45625 0.3953125 0.1328125 0.1625
1 0.959375 0.5265625 0.08125 0.11875
1 0.30625 0.175 0.078125 0.0453125
1 0.178125 0.6203125 0.128125 0.19375
1 0.821875 0.3171875 0.059375 0.0671875
1 0.6640625 0.7328125 0.175 0.2234375
1 0.08125 0.578125 0.08125 0.0921875
1 0.91875 0.3890625 0.1609375 0.165625
1 0.525 0.75 0.121875 0.1703125
1 0.028125 0.64375 0.05625 0.1
1 0.46875 0.3171875 0.13125 0.0953125
1 0.909375 0.1796875 0.1125 0.053125
1 0.9265625 0.7546875 0.14375 0.1453125
1 0.4984375 0.553125 0.11875 0.1328125
1 0.1203125 0.7625 0.0890625 0.11875
1 0.2734375 0.7421875 0.1078125 0.1703125
1 0.178125 0.478125 0.1109375 0.0984375
1 0.265625 0.4734375 0.0984375 0.084375
1 0.2171875 0.3734375 0.0890625 0.1546875
1 0.13125 0.4609375 0.059375 0.0578125
1 0.6703125 0.18125 0.1109375 0.0546875
1 0.178125 0.790625 0.128125 0.109375
1 0.0953125 0.6671875 0.084375 0.1140625
1 0.346875 0.7875 0.10625 0.121875
1 0.9640625 0.24375 0.071875 0.15
1 0.83125 0.3671875 0.0453125 0.0625
1 0.79375 0.18125 0.1375 0.05625
1 0.3515625 0.1671875 0.0796875 0.03125
1 0.875 0.5046875 0.06875 0.0421875
1 0.4 0.1796875 0.0671875 0.053125
1 0.0625 0.465625 0.0828125 0.0546875
1 0.0234375 0.5515625 0.046875 0.0890625
1 0.56875 0.1765625 0.0765625 0.05
1 0.0546875 0.7703125 0.1015625 0.125
1 0.0234375 0.7171875 0.0453125 0.0734375
1 0.1765625 0.4234375 0.0390625 0.034375
1 0.8515625 0.3484375 0.0625 0.065625
1 0.5953125 0.48125 0.08125 0.1015625
1 0.20625 0.31875 0.06875 0.0640625
1 0.265625 0.1828125 0.0453125 0.0421875
1 0.175 0.2953125 0.0578125 0.0578125
1 0.796875 0.39375 0.059375 0.0625
1 0.7984375 0.2875 0.028125 0.053125
1 0.44375 0.1859375 0.059375 0.06875