1 0.384375 0.3703125 0.090625 0.1265625
1 0.5 0.3578125 0.1328125 0.1375
1 0.88125 0.459375 0.1140625 0.1375
1 0.6359375 0.8 0.128125 0.153125
1 0.7390625 0.8046875 0.09375 0.1328125
1 0.7828125 0.39375 0.1203125 0.1234375
1 0.803125 0.2828125 0.1046875 0.1171875
1 0.9109375 0.309375 0.103125 0.134375
1 0.4640625 0.74375 0.1234375 0.1296875
1 0.846875 0.778125 0.1265625 0.1484375
1 0.3234375 0.50625 0.125 0.1375
1 0.6 0.48125 0.13125 0.13125
1 0.6734375 0.415625 0.10625 0.125
1 0.45625 0.525 0.14375 0.1390625
1 0.521875 0.5875 0.128125 0.1296875
1 0.3640625 0.6375 0.1625 0.1296875
1 0.5328125 0.809375 0.125 0.165625
1 0.83125 0.58125 0.1296875 0.0890625
1 0.05 0.5 0.1 0.125
1 0.6921875 0.58125 0.1453125 0.1296875
1 0.6296875 0.684375 0.1203125 0.1109375
1 0.8921875 0.65625 0.1140625 0.1421875
1 0.26875 0.296875 0.121875 0.134375
1 0.76875 0.6578125 0.128125 0.128125
1 0.209375 0.403125 0.11875 0.14375
1 0.284375 0.6640625 0.0609375 0.0671875
1 0.778125 0.5046875 0.096875 0.10625
1 0.403125 0.8265625 0.1453125 0.1546875
1 0.3265625 0.7203125 0.1390625 0.153125
1 0.1 0.384375 0.1109375 0.171875
1 0.165625 0.5078125 0.146875 0.1125
1 0.25 0.853125 0.140625 0.1640625
1 0.165625 0.721875 0.125 0.125
1 0.9328125 0.890625 0.1109375 0.0921875
1 0.0453125 0.3390625 0.0640625 0.0953125
1 0.178125 0.2875 0.0734375 0.0859375
1 0.16875 0.2328125 0.078125 0.0953125
1 0.8125 0.88125 0.1265625 0.1140625
1 0.1140625 0.7921875 0.1109375 0.1453125
1 0.028125 0.4078125 0.0546875 0.1140625
1 0.8765625 0.1578125 0.0796875 0.1046875
1 0.9625 0.5234375 0.065625 0.0734375
1 0.975 0.63125 0.05 0.11875
1 0.090625 0.915625 0.109375 0.0484375