1 0.3671875 0.7046875 0.084375 0.08125
1 0.56875 0.6359375 0.153125 0.1765625
1 0.6359375 0.4640625 0.140625 0.1703125
1 0.690625 0.7296875 0.1484375 0.1546875
1 0.290625 0.375 0.1234375 0.103125
1 0.2828125 0.8171875 0.159375 0.1671875
1 0.4015625 0.8078125 0.13125 0.1203125
1 0.1921875 0.60625 0.1015625 0.140625
1 0.4578125 0.4828125 0.14375 0.146875
1 0.109375 0.6515625 0.125 0.128125
1 0.4390625 0.36875 0.13125 0.125
1 0.6625 0.321875 0.1453125 0.140625
1 0.7359375 0.578125 0.1828125 0.140625
1 0.359375 0.2734375 0.1421875 0.1421875
1 0.221875 0.253125 0.146875 0.1375
1 0.7671875 0.334375 0.16875 0.13125
1 0.328125 0.503125 0.15 0.13125
1 0.4171875 0.1671875 0.1375 0.11875
1 0.1796875 0.390625 0.1109375 0.1296875
1 0.8890625 0.5875 0.140625 0.1328125
1 0.946875 0.79375 0.103125 0.1484375
1 0.865625 0.725 0.1625 0.134375
1 0.1828125 0.496875 0.1578125 0.1296875
1 0.203125 0.725 0.1890625 0.134375
1 0.7546875 0.6875 0.1046875 0.109375
1 0.8203125 0.446875 0.1203125 0.1578125
1 0.2171875 0.8875 0.0578125 0.0921875
1 0.45 0.6390625 0.128125 0.1875
1 0.06875 0.8328125 0.0875 0.0859375
1 0.534375 0.8828125 0.1671875 0.1125
1 0.728125 0.0859375 0.065625 0.0515625
1 0.053125 0.5390625 0.1046875 0.140625
1 0.4046875 0.896875 0.1296875 0.0828125
1 0.8171875 0.859375 0.153125 0.1546875
1 0.9640625 0.659375 0.0703125 0.10625
1 0.309375 0.1171875 0.140625 0.1140625
1 0.065625 0.315625 0.1171875 0.121875
1 0.0703125 0.409375 0.1296875 0.146875
1 0.725 0.8828125 0.1359375 0.115625
1 0.903125 0.43125 0.1328125 0.2109375
1 0.034375 0.8625 0.06875 0.071875
1 0.6859375 0.1 0.0828125 0.0734375
1 0.5546875 0.79375 0.1796875 0.13125
1 0.7625 0.1078125 0.134375 0.078125
1 0.5734375 0.1515625 0.2125 0.1234375
1 0.0859375 0.903125 0.13125 0.0703125
1 0.021875 0.675 0.0421875 0.1390625
1 0.675 0.8609375 0.0875 0.1171875
1 0.109375 0.2328125 0.0875 0.09375
1 0.0546875 0.1578125 0.1078125 0.134375
1 0.2015625 0.096875 0.140625 0.0734375
1 0.959375 0.303125 0.0671875 0.1046875
1 0.2625 0.1953125 0.10625 0.0875
1 0.5140625 0.0890625 0.21875 0.0578125
1 0.8015625 0.25 0.075 0.075
1 0.16875 0.1484375 0.1015625 0.096875
1 0.284375 0.4703125 0.096875 0.0765625
1 0.515625 0.328125 0.075 0.084375
1 0.1046875 0.08125 0.0625 0.040625
1 0.15625 0.61875 0.053125 0.0515625
1 0.028125 0.2828125 0.0546875 0.115625
1 0.8171875 0.746875 0.065625 0.078125
1 0.8296875 0.0953125 0.1546875 0.0703125
1 0.8859375 0.328125 0.1 0.1015625
1 0.0640625 0.803125 0.0453125 0.0546875
1 0.1828125 0.2765625 0.034375 0.040625