1 0.9015625 0.45 0.0359375 0.0546875
1 0.940625 0.4484375 0.053125 0.059375
1 0.66875 0.3875 0.028125 0.0703125
1 0.875 0.290625 0.05625 0.0625
1 0.615625 0.3359375 0.0328125 0.08125
1 0.6671875 0.3375 0.03125 0.0453125
1 0.75 0.534375 0.04375 0.1046875
1 0.5828125 0.33125 0.0375 0.0796875
1 0.9578125 0.365625 0.0796875 0.0484375
1 0.8359375 0.484375 0.0828125 0.059375
1 0.9296875 0.2625 0.0390625 0.0234375
1 0.9078125 0.3 0.071875 0.0578125
1 0.9265625 0.4140625 0.046875 0.0671875
1 0.71875 0.265625 0.040625 0.0515625
1 0.5 0.5359375 0.0421875 0.053125
1 0.64375 0.365625 0.028125 0.0359375
1 0.965625 0.234375 0.0640625 0.04375
1 0.846875 0.4171875 0.034375 0.06875
1 0.7046875 0.55625 0.053125 0.034375
1 0.6375 0.434375 0.0265625 0.0609375
1 0.8359375 0.3546875 0.040625 0.06875
1 0.5359375 0.2578125 0.0375 0.05
1 0.8796875 0.3765625 0.053125 0.0484375
1 0.784375 0.4921875 0.03125 0.034375
1 0.496875 0.284375 0.034375 0.0765625
1 0.740625 0.4375 0.0671875 0.0390625
1 0.9015625 0.3953125 0.0390625 0.0625
1 0.646875 0.315625 0.034375 0.065625
1 0.575 0.6921875 0.0703125 0.0390625
1 0.6546875 0.26875 0.0296875 0.0453125
1 0.7625 0.353125 0.046875 0.0609375
1 0.8140625 0.4109375 0.0328125 0.0765625
1 0.58125 0.521875 0.034375 0.0578125
1 0.8 0.328125 0.034375 0.0625
1 0.528125 0.2984375 0.0375 0.05
1 0.73125 0.48125 0.0453125 0.0296875
1 0.64375 0.475 0.04375 0.0265625
1 0.521875 0.5609375 0.0265625 0.0390625
1 0.7921875 0.40625 0.0265625 0.0625
1 0.6984375 0.309375 0.065625 0.040625
1 0.540625 0.6109375 0.0390625 0.0703125
1 0.9609375 0.31875 0.0453125 0.05
1 0.9578125 0.265625 0.034375 0.0296875
1 0.5265625 0.4265625 0.0359375 0.0703125
1 0.61875 0.39375 0.03125 0.040625
1 0.6921875 0.46875 0.046875 0.053125
1 0.565625 0.4171875 0.03125 0.05
1 0.878125 0.4328125 0.0296875 0.0359375
1 0.4984375 0.578125 0.0265625 0.0453125
1 0.50625 0.615625 0.0328125 0.05625
1 0.4546875 0.61875 0.0421875 0.034375
1 0.4015625 0.60625 0.0375 0.034375
1 0.484375 0.6375 0.040625 0.03125
1 0.60625 0.428125 0.034375 0.065625
1 0.4921875 0.6703125 0.046875 0.0609375
1 0.7796875 0.471875 0.0265625 0.0359375
1 0.41875 0.63125 0.0515625 0.0390625
1 0.365625 0.615625 0.04375 0.059375
1 0.3484375 0.6828125 0.03125 0.071875
1 0.384375 0.6546875 0.0453125 0.059375
1 0.8390625 0.2625 0.0609375 0.0359375
1 0.753125 0.6453125 0.0625 0.0421875
1 0.971875 0.2984375 0.0390625 0.034375
1 0.8890625 0.54375 0.0734375 0.0421875
1 0.66875 0.7515625 0.059375 0.0484375
1 0.5890625 0.7703125 0.0546875 0.03125
1 0.6046875 0.7453125 0.028125 0.0328125
1 0.803125 0.246875 0.0578125 0.0578125
1 0.684375 0.26875 0.0265625 0.040625
1 0.63125 0.596875 0.0578125 0.0328125
1 0.4421875 0.665625 0.078125 0.0625
1 0.3953125 0.7546875 0.04375 0.0375
1 0.775 0.85 0.0296875 0.046875
1 0.5890625 0.15 0.0359375 0.0296875
1 0.56875 0.19375 0.0359375 0.0359375
1 0.378125 0.728125 0.053125 0.0359375
1 0.5875 0.83125 0.0421875 0.0796875
1 0.240625 0.66875 0.05625 0.065625
1 0.6125 0.1453125 0.0453125 0.0390625
1 0.834375 0.29375 0.03125 0.0390625
1 0.6859375 0.1671875 0.0453125 0.0484375
1 0.234375 0.3125 0.090625 0.0421875
1 0.278125 0.2890625 0.0953125 0.0546875
1 0.43125 0.38125 0.0703125 0.103125
1 0.675 0.1375 0.0296875 0.0234375
1 0.5609375 0.2171875 0.04375 0.0515625
1 0.4109375 0.421875 0.0453125 0.0390625
1 0.0140625 0.3703125 0.0265625 0.040625
1 0.7421875 0.4 0.065625 0.0375
1 0.9671875 0.1609375 0.0484375 0.0703125