1 0.6609375 0.5 0.1421875 0.1125
1 0.2296875 0.615625 0.1546875 0.115625
1 0.215625 0.428125 0.1265625 0.1046875
1 0.2953125 0.6953125 0.13125 0.140625
1 0.7859375 0.5140625 0.115625 0.1078125
1 0.25625 0.225 0.121875 0.115625
1 0.3671875 0.2453125 0.1140625 0.1171875
1 0.3921875 0.6859375 0.1125 0.103125
1 0.4296875 0.3265625 0.1 0.0921875
1 0.1609375 0.5546875 0.10625 0.109375
1 0.5171875 0.6796875 0.140625 0.1078125
1 0.3828125 0.790625 0.128125 0.1265625
1 0.534375 0.5484375 0.1234375 0.1375
1 0.215625 0.8078125 0.0703125 0.09375
1 0.090625 0.4578125 0.1328125 0.11875
1 0.1359375 0.796875 0.1046875 0.1265625
1 0.3046875 0.325 0.10625 0.084375
1 0.05625 0.35625 0.053125 0.0734375
1 0.21875 0.3421875 0.0921875 0.1140625
1 0.13125 0.3453125 0.109375 0.1296875
1 0.303125 0.54375 0.1234375 0.1125
1 0.590625 0.315625 0.0625 0.046875
1 0.2796875 0.84375 0.0546875 0.059375
1 0.7125 0.6953125 0.075 0.0578125
1 0.6734375 0.5859375 0.0921875 0.090625
1 0.328125 0.4328125 0.128125 0.1109375
1 0.728125 0.7359375 0.1171875 0.1296875
1 0.4125 0.1578125 0.1109375 0.1
1 0.5859375 0.40625 0.1140625 0.1359375
1 0.8515625 0.6828125 0.125 0.1265625
1 0.7671875 0.6234375 0.1375 0.109375
1 0.0890625 0.259375 0.0984375 0.1234375
1 0.221875 0.5171875 0.0828125 0.1109375
1 0.6109375 0.734375 0.0734375 0.0984375
1 0.44375 0.41875 0.1171875 0.121875
1 0.4484375 0.5984375 0.0625 0.0640625
1 0.8265625 0.8015625 0.1 0.1171875
1 0.2265625 0.8875 0.0921875 0.1046875
1 0.94375 0.6171875 0.0625 0.0578125
1 0.3265625 0.8484375 0.0734375 0.065625
1 0.6296875 0.784375 0.0640625 0.0765625
1 0.8484375 0.2828125 0.0640625 0.0828125
1 0.9140625 0.765625 0.1109375 0.1109375
1 0.875 0.55625 0.1 0.1015625
1 0.625 0.625 0.1203125 0.121875
1 0.9078125 0.2484375 0.0453125 0.0578125
1 0.325 0.109375 0.109375 0.1
1 0.5 0.7703125 0.1421875 0.1296875
1 0.18125 0.71875 0.096875 0.1359375
1 0.0515625 0.575 0.103125 0.13125
1 0.6015625 0.8703125 0.128125 0.1
1 0.325 0.3703125 0.1046875 0.065625
1 0.2171875 0.140625 0.0828125 0.0796875
1 0.7515625 0.175 0.11875 0.090625
1 0.4703125 0.890625 0.1453125 0.096875
1 0.2859375 0.16875 0.1 0.0859375
1 0.034375 0.2328125 0.0671875 0.1296875
1 0.159375 0.209375 0.0671875 0.0765625
1 0.10625 0.140625 0.121875 0.1125
1 0.9265625 0.48125 0.0484375 0.0578125
1 0.8453125 0.475 0.0484375 0.0859375
1 0.7046875 0.8375 0.115625 0.1375
1 0.01875 0.45625 0.0375 0.09375
1 0.35625 0.8921875 0.1046875 0.0953125
1 0.86875 0.8890625 0.1046875 0.09375
1 0.240625 0.09375 0.1125 0.0671875
1 0.0390625 0.38125 0.0546875 0.0734375
1 0.071875 0.69375 0.1171875 0.1296875
1 0.0203125 0.34375 0.0390625 0.11875
1 0.775 0.915625 0.1078125 0.0484375
1 0.49375 0.2796875 0.0609375 0.0671875
1 0.94375 0.3984375 0.103125 0.134375
1 0.13125 0.6671875 0.1203125 0.153125
1 0.984375 0.378125 0.03125 0.0453125
1 0.0421875 0.659375 0.084375 0.078125
1 0.159375 0.0796875 0.0578125 0.0375
1 0.034375 0.1875 0.059375 0.0515625
1 0.6359375 0.1 0.0796875 0.071875
1 0.9796875 0.671875 0.0390625 0.1125
1 0.6625 0.7640625 0.125 0.1296875
1 0.9828125 0.5265625 0.0328125 0.1578125
1 0.721875 0.0828125 0.0984375 0.0421875
1 0.8625 0.4453125 0.046875 0.071875
1 0.8921875 0.3828125 0.0578125 0.1265625
1 0.69375 0.1125 0.1046875 0.0671875
1 0.696875 0.296875 0.134375 0.0953125
1 0.9421875 0.309375 0.034375 0.0328125
1 0.665625 0.2328125 0.1203125 0.05
1 0.540625 0.15 0.1859375 0.1046875
1 0.7359375 0.39375 0.096875 0.134375