1 0.5046875 0.590625 0.1734375 0.1890625
1 0.159375 0.3734375 0.2203125 0.2046875
1 0.165625 0.5515625 0.1875 0.1546875
1 0.93125 0.6359375 0.1375 0.16875
1 0.6 0.7875 0.178125 0.1734375
1 0.734375 0.73125 0.1265625 0.15625
1 0.3625 0.4515625 0.19375 0.18125
1 0.0453125 0.53125 0.090625 0.21875
1 0.1140625 0.8203125 0.0828125 0.040625
1 0.94375 0.80625 0.1109375 0.134375
1 0.678125 0.6171875 0.1375 0.209375
1 0.8234375 0.56875 0.0703125 0.0671875
1 0.846875 0.690625 0.06875 0.0671875
1 0.6625 0.4609375 0.03125 0.0265625
1 0.33125 0.6140625 0.1625 0.171875
1 0.89375 0.75 0.05625 0.059375
1 0.8125 0.640625 0.0765625 0.084375
1 0.878125 0.8109375 0.04375 0.05
1 0.1203125 0.5859375 0.0984375 0.0890625
1 0.0234375 0.4140625 0.0453125 0.0453125
1 0.6234375 0.4390625 0.015625 0.0328125
1 0.89375 0.8671875 0.109375 0.015625
1 0.61875 0.3890625 0.0234375 0.0265625
1 0.93125 0.4859375 0.0515625 0.0359375
1 0.796875 0.475 0.1171875 0.078125
1 0.24375 0.7515625 0.115625 0.0953125
1 0.721875 0.484375 0.0390625 0.0453125
1 0.746875 0.496875 0.05 0.028125
1 0.221875 0.6921875 0.0609375 0.046875
1 0.0390625 0.7234375 0.078125 0.09375
1 0.5 0.7984375 0.05625 0.1203125
1 0.75625 0.41875 0.06875 0.03125
1 0.6 0.515625 0.04375 0.0421875
1 0.0125 0.3046875 0.025 0.0296875
1 0.0203125 0.6359375 0.040625 0.0375
1 0.984375 0.4875 0.03125 0.03125