1 0.4828125 0.6078125 0.096875 0.11875
1 0.565625 0.5609375 0.0984375 0.109375
1 0.803125 0.553125 0.065625 0.090625
1 0.265625 0.1234375 0.0875 0.0953125
1 0.1578125 0.340625 0.0671875 0.0796875
1 0.6671875 0.6421875 0.0828125 0.0734375
1 0.446875 0.334375 0.1375 0.103125
1 0.409375 0.7875 0.1203125 0.1546875
1 0.3125 0.35625 0.1171875 0.0859375
1 0.765625 0.7953125 0.0984375 0.0953125
1 0.3671875 0.40625 0.1140625 0.0859375
1 0.2234375 0.1765625 0.0734375 0.06875
1 0.8171875 0.1984375 0.0859375 0.0671875
1 0.4125 0.6546875 0.1015625 0.1109375
1 0.7 0.85 0.0921875 0.1078125
1 0.6203125 0.89375 0.078125 0.0828125
1 0.525 0.74375 0.14375 0.1390625
1 0.5421875 0.93125 0.1203125 0.096875
1 0.3296875 0.1125 0.09375 0.1046875
1 0.70625 0.228125 0.115625 0.0890625
1 0.6265625 0.7828125 0.078125 0.0859375
1 0.2203125 0.521875 0.10625 0.134375
1 0.6890625 0.7296875 0.0984375 0.103125
1 0.5421875 0.8484375 0.1203125 0.0828125
1 0.8203125 0.14375 0.059375 0.05625
1 0.171875 0.709375 0.096875 0.11875
1 0.4078125 0.0234375 0.0953125 0.0453125
1 0.828125 0.44375 0.090625 0.121875
1 0.5328125 0.115625 0.0890625 0.090625
1 0.5234375 0.0203125 0.0671875 0.040625
1 0.3671875 0.4703125 0.1046875 0.071875
1 0.6984375 0.1015625 0.0875 0.084375
1 0.4953125 0.51875 0.06875 0.0609375
1 0.2890625 0.678125 0.1515625 0.11875
1 0.5484375 0.4421875 0.1078125 0.115625
1 0.628125 0.384375 0.13125 0.115625
1 0.5890625 0.684375 0.1359375 0.1234375
1 0.3203125 0.278125 0.0984375 0.078125
1 0.69375 0.5609375 0.128125 0.115625
1 0.44375 0.0546875 0.0734375 0.0640625
1 0.8453125 0.6234375 0.0578125 0.125
1 0.8078125 0.265625 0.1046875 0.08125
1 0.4546875 0.465625 0.0546875 0.0578125
1 0.4046875 0.0890625 0.0765625 0.075
1 0.5765625 0.2015625 0.121875 0.075
1 0.7046875 0.4671875 0.090625 0.1109375
1 0.765625 0.3703125 0.084375 0.0796875
1 0.3828125 0.28125 0.06875 0.0671875
1 0.5640625 0.0734375 0.040625 0.0484375
1 0.6078125 0.0671875 0.065625 0.071875
1 0.6171875 0.2734375 0.109375 0.084375
1 0.7546875 0.4609375 0.0796875 0.096875
1 0.734375 0.15 0.103125 0.075
1 0.753125 0.6625 0.103125 0.1125
1 0.3015625 0.190625 0.09375 0.05625
1 0.721875 0.3203125 0.0875 0.0921875
1 0.65625 0.5390625 0.06875 0.078125
1 0.1890625 0.5859375 0.0671875 0.0609375
1 0.496875 0.08125 0.053125 0.06875
1 0.41875 0.559375 0.0625 0.08125
1 0.2328125 0.9265625 0.1578125 0.1375
1 0.571875 0.296875 0.0953125 0.0921875
1 0.8515625 0.5265625 0.046875 0.084375
1 0.3109375 0.2265625 0.1078125 0.0671875
1 0.6234375 0.14375 0.0953125 0.0828125
1 0.6703125 0.0515625 0.065625 0.0546875
1 0.2296875 0.784375 0.1875 0.1671875
1 0.628125 0.4828125 0.08125 0.08125
1 0.3046875 0.453125 0.059375 0.0625
1 0.4703125 0.1640625 0.0921875 0.0921875
1 0.796875 0.63125 0.0546875 0.06875
1 0.6578125 0.3359375 0.0578125 0.0609375
1 0.690625 0.0328125 0.0609375 0.046875
1 0.1984375 0.2734375 0.1421875 0.1359375
1 0.521875 0.2640625 0.0734375 0.06875
1 0.471875 0.034375 0.0578125 0.0546875
1 0.171875 0.1953125 0.0484375 0.053125
1 0.4046875 0.1484375 0.065625 0.0515625
1 0.6 0.01875 0.059375 0.034375
1 0.765625 0.8796875 0.084375 0.084375
1 0.3703125 0.9234375 0.15625 0.1515625
1 0.821875 0.3421875 0.096875 0.0859375
1 0.26875 0.4328125 0.053125 0.05
1 0.1609375 0.8765625 0.0625 0.0671875
1 0.171875 0.4203125 0.096875 0.115625
1 0.671875 0.9484375 0.146875 0.1015625
1 0.5703125 0.0296875 0.0546875 0.0484375
1 0.3359375 0.0328125 0.06875 0.0578125
1 0.1484375 0.5125 0.05 0.09375
1 0.640625 0.08125 0.0578125 0.05625
1 0.1734375 0.796875 0.0921875 0.1015625
1 0.1515625 0.9703125 0.0546875 0.059375
1 0.5109375 0.0515625 0.071875 0.0671875
1 0.1578125 0.6296875 0.0671875 0.125
1 0.653125 0.81875 0.0609375 0.0875
1 0.8328125 0.7578125 0.053125 0.10625