1 0.4703125 0.5859375 0.08125 0.0953125
1 0.7015625 0.75 0.08125 0.084375
1 0.5109375 0.853125 0.1015625 0.0796875
1 0.375 0.415625 0.0953125 0.075
1 0.6203125 0.621875 0.0703125 0.0625
1 0.4984375 0.390625 0.075 0.0703125
1 0.640625 0.6921875 0.0765625 0.084375
1 0.584375 0.7375 0.0640625 0.0734375
1 0.5265625 0.184375 0.075 0.071875
1 0.2515625 0.853125 0.1296875 0.1359375
1 0.540625 0.553125 0.0796875 0.0890625
1 0.59375 0.21875 0.0796875 0.071875
1 0.55625 0.2578125 0.103125 0.0640625
1 0.4484375 0.359375 0.109375 0.08125
1 0.7 0.7 0.0515625 0.0453125
1 0.5140625 0.784375 0.1015625 0.065625
1 0.409375 0.6234375 0.0859375 0.0875
1 0.3546875 0.1671875 0.0734375 0.065625
1 0.4828125 0.5125 0.0546875 0.0515625
1 0.3234375 0.459375 0.053125 0.0515625
1 0.403125 0.7328125 0.1015625 0.128125
1 0.6125 0.8875 0.1203125 0.1171875
1 0.578125 0.825 0.059375 0.06875
1 0.171875 0.5953125 0.096875 0.1171875
1 0.528125 0.45 0.0859375 0.090625
1 0.696875 0.471875 0.0703125 0.075
1 0.8328125 0.3546875 0.0703125 0.065625
1 0.303125 0.640625 0.1296875 0.1
1 0.640625 0.553125 0.1078125 0.0984375
1 0.5 0.7 0.1125 0.1109375
1 0.690625 0.6359375 0.0765625 0.0859375
1 0.765625 0.45625 0.078125 0.0875
1 0.625 0.3703125 0.0484375 0.05
1 0.2765625 0.40625 0.0828125 0.0875
1 0.5921875 0.3171875 0.0921875 0.06875
1 0.646875 0.79375 0.075 0.0828125
1 0.253125 0.509375 0.0875 0.1109375
1 0.240625 0.3046875 0.121875 0.1109375
1 0.596875 0.4078125 0.109375 0.0953125
1 0.7125 0.403125 0.06875 0.065625
1 0.73125 0.6171875 0.046875 0.0578125
1 0.740625 0.55 0.05625 0.075
1 0.3765625 0.4734375 0.0828125 0.0609375
1 0.55 0.653125 0.115625 0.1015625
1 0.434375 0.253125 0.11875 0.103125
1 0.3328125 0.378125 0.0875 0.06875
1 0.846875 0.5578125 0.053125 0.0671875
1 0.7453125 0.3171875 0.0859375 0.0625
1 0.6671875 0.28125 0.1015625 0.0703125
1 0.8484375 0.440625 0.0546875 0.084375
1 0.240625 0.721875 0.1609375 0.14375
1 0.7625 0.3765625 0.075 0.065625
1 0.3359375 0.290625 0.0953125 0.09375
1 0.80625 0.515625 0.090625 0.084375
1 0.6765625 0.3546875 0.071875 0.0734375
1 0.7875 0.6140625 0.0765625 0.10625
1 0.6953125 0.8203125 0.0703125 0.0671875
1 0.578125 0.5109375 0.05 0.046875
1 0.6578125 0.4796875 0.08125 0.090625
1 0.2640625 0.2265625 0.0640625 0.0578125
1 0.3 0.1859375 0.065625 0.06875
1 0.45 0.925 0.08125 0.103125
1 0.45625 0.4546875 0.0765625 0.0765625