1 0.646875 0.4921875 0.0359375 0.05
1 0.203125 0.596875 0.1734375 0.0515625
1 0.4140625 0.5546875 0.1671875 0.1171875
1 0.3578125 0.3390625 0.040625 0.040625
1 0.403125 0.43125 0.071875 0.0453125
1 0.390625 0.2765625 0.0875 0.040625
1 0.353125 0.3875 0.0640625 0.134375
1 0.3984375 0.3328125 0.04375 0.0453125
1 0.025 0.6578125 0.046875 0.259375
1 0.578125 0.709375 0.103125 0.125
1 0.68125 0.4640625 0.05 0.0796875
1 0.58125 0.4265625 0.04375 0.078125
1 0.034375 0.38125 0.059375 0.2203125
1 0.146875 0.421875 0.13125 0.0796875
1 0.6734375 0.5140625 0.040625 0.0546875
1 0.4390625 0.3609375 0.0484375 0.0484375
1 0.5390625 0.2171875 0.0375 0.05
1 0.6125 0.55 0.0453125 0.0875
1 0.6546875 0.5578125 0.05625 0.0671875
1 0.565625 0.2546875 0.0359375 0.0484375
1 0.5859375 0.1859375 0.0515625 0.0984375
1 0.4984375 0.5078125 0.0671875 0.046875
1 0.6296875 0.1890625 0.0421875 0.0984375
1 0.2984375 0.2203125 0.04375 0.0890625
1 0.653125 0.6359375 0.0515625 0.0859375
1 0.365625 0.3109375 0.05625 0.0421875
1 0.484375 0.696875 0.0421875 0.040625
1 0.2578125 0.221875 0.059375 0.0796875
1 0.4578125 0.4140625 0.021875 0.0734375
1 0.3296875 0.3046875 0.03125 0.046875
1 0.628125 0.3015625 0.0484375 0.059375
1 0.315625 0.328125 0.040625 0.046875
1 0.5265625 0.3015625 0.0359375 0.078125
1 0.759375 0.171875 0.046875 0.0921875
1 0.3359375 0.190625 0.034375 0.0453125
1 0.078125 0.334375 0.0625 0.1671875
1 0.39375 0.228125 0.0859375 0.046875
1 0.0703125 0.7609375 0.0453125 0.0671875
1 0.5734375 0.3078125 0.0390625 0.0796875
1 0.4984375 0.2328125 0.0421875 0.0828125
1 0.334375 0.228125 0.0328125 0.0609375
1 0.3984375 0.684375 0.0921875 0.0484375
1 0.5078125 0.425 0.0484375 0.096875
1 0.0359375 0.7078125 0.06875 0.06875
1 0.5390625 0.6390625 0.0875 0.0515625
1 0.3859375 0.1703125 0.0484375 0.078125
1 0.475 0.4203125 0.0453125 0.0890625
1 0.55 0.1609375 0.0421875 0.06875
1 0.678125 0.325 0.040625 0.0921875
1 0.4375 0.6484375 0.0625 0.1359375
1 0.509375 0.35 0.0609375 0.034375
1 0.4359375 0.3109375 0.046875 0.0484375
1 0.5 0.734375 0.065625 0.04375
1 0.4828125 0.80625 0.0671875 0.0921875
1 0.2859375 0.1546875 0.0625 0.059375
1 0.51875 0.171875 0.034375 0.0578125
1 0.209375 0.2296875 0.040625 0.04375
1 0.675 0.6 0.046875 0.0421875
1 0.7953125 0.5890625 0.046875 0.04375
1 0.315625 0.525 0.078125 0.059375
1 0.765625 0.83125 0.103125 0.0859375
1 0.8265625 0.3046875 0.0890625 0.1578125
1 0.7265625 0.646875 0.0984375 0.0859375
1 0.9390625 0.7046875 0.121875 0.0984375
1 0.7234375 0.584375 0.053125 0.046875
1 0.1796875 0.8328125 0.071875 0.046875
1 0.0984375 0.6171875 0.071875 0.16875
1 0.15 0.190625 0.0453125 0.078125
1 0.8125 0.6546875 0.071875 0.0703125
1 0.1765625 0.7890625 0.04375 0.0484375
1 0.7203125 0.1671875 0.0390625 0.05
1 0.125 0.2296875 0.0546875 0.08125
1 0.1875 0.178125 0.0421875 0.0875
1 0.7671875 0.6140625 0.0625 0.059375
1 0.9328125 0.278125 0.134375 0.05
1 0.2234375 0.159375 0.078125 0.053125
1 0.178125 0.54375 0.0734375 0.0703125
1 0.8671875 0.615625 0.1 0.090625
1 0.2109375 0.2 0.053125 0.04375
1 0.1734375 0.7359375 0.0921875 0.071875
1 0.175 0.2453125 0.040625 0.0796875
1 0.9453125 0.190625 0.109375 0.0375
1 0.1375 0.1671875 0.028125 0.05
1 0.9296875 0.840625 0.1125 0.040625
1 0.925 0.40625 0.1484375 0.078125
1 0.25625 0.640625 0.090625 0.0796875
1 0.3734375 0.1484375 0.0328125 0.046875
1 0.790625 0.190625 0.0234375 0.11875
1 0.940625 0.221875 0.1171875 0.046875