1 0.33125 0.2953125 0.1796875 0.1421875
1 0.6046875 0.3640625 0.1234375 0.1375
1 0.6859375 0.6890625 0.1046875 0.15
1 0.6234375 0.509375 0.15625 0.1515625
1 0.50625 0.30625 0.128125 0.1625
1 0.859375 0.696875 0.1421875 0.215625
1 0.7421875 0.6203125 0.1140625 0.1734375
1 0.71875 0.43125 0.140625 0.1875
1 0.134375 0.5796875 0.1828125 0.1859375
1 0.303125 0.4140625 0.16875 0.1625
1 0.8171875 0.4765625 0.1203125 0.2
1 0.48125 0.2359375 0.13125 0.1125
1 0.3578125 0.6765625 0.1765625 0.228125
1 0.6609375 0.2578125 0.1484375 0.140625
1 0.7890625 0.2796875 0.0421875 0.03125
1 0.5890625 0.61875 0.14375 0.2015625
1 0.8921875 0.6046875 0.1 0.1109375
1 0.4359375 0.378125 0.109375 0.121875
1 0.25 0.5125 0.1078125 0.0984375
1 0.428125 0.5140625 0.184375 0.153125
1 0.134375 0.2953125 0.0609375 0.075
1 0.8375 0.309375 0.0671875 0.053125
1 0.1984375 0.31875 0.0953125 0.0625
1 0.903125 0.4140625 0.0890625 0.090625
1 0.2328125 0.221875 0.1875 0.140625
1 0.1140625 0.490625 0.075 0.0515625
1 0.2359375 0.728125 0.1265625 0.1109375
1 0.0359375 0.5359375 0.071875 0.1234375
1 0.95625 0.5953125 0.0859375 0.1296875
1 0.1578125 0.3671875 0.0578125 0.0703125
1 0.715625 0.16875 0.0875 0.0328125
1 0.9125 0.303125 0.0765625 0.0484375
1 0.253125 0.6125 0.1296875 0.1703125
1 0.9671875 0.4671875 0.065625 0.09375
1 0.2375 0.7984375 0.1234375 0.09375
1 0.15625 0.2625 0.034375 0.053125
1 0.5953125 0.7609375 0.1828125 0.153125
1 0.090625 0.75 0.1765625 0.1484375
1 0.90625 0.5078125 0.0796875 0.096875
1 0.7984375 0.340625 0.1140625 0.0890625
1 0.025 0.671875 0.05 0.11875
1 0.496875 0.66875 0.1265625 0.178125
1 0.746875 0.790625 0.1640625 0.1171875
1 0.596875 0.1953125 0.1390625 0.0875
1 0.034375 0.18125 0.0671875 0.0578125
1 0.3703125 0.1875 0.125 0.071875
1 0.146875 0.1703125 0.1171875 0.0375
1 0.06875 0.64375 0.0640625 0.0828125
1 0.98125 0.3828125 0.0375 0.0828125
1 0.3390625 0.5703125 0.0671875 0.04375
1 0.515625 0.809375 0.115625 0.078125
1 0.19375 0.4453125 0.05625 0.0859375
1 0.7734375 0.165625 0.05625 0.0265625
1 0.5109375 0.203125 0.0734375 0.05625
1 0.7875 0.2984375 0.0609375 0.03125
1 0.2125 0.3734375 0.075 0.084375
1 0.0390625 0.7671875 0.0703125 0.0796875
1 0.284375 0.1828125 0.1 0.0625
1 0.9796875 0.740625 0.040625 0.084375
1 0.35 0.5984375 0.1046875 0.078125
1 0.978125 0.8203125 0.0421875 0.053125
1 0.0109375 0.2546875 0.021875 0.1171875