1 0.384375 0.6203125 0.0734375 0.0625
1 0.284375 0.6703125 0.1359375 0.121875
1 0.5171875 0.7953125 0.0890625 0.1265625
1 0.26875 0.4015625 0.0671875 0.05
1 0.84375 0.746875 0.10625 0.103125
1 0.3421875 0.746875 0.109375 0.1453125
1 0.3890625 0.828125 0.103125 0.096875
1 0.4265625 0.69375 0.1015625 0.121875
1 0.2765625 0.1265625 0.115625 0.10625
1 0.4078125 0.359375 0.121875 0.11875
1 0.1375 0.6109375 0.0734375 0.0546875
1 0.2078125 0.5609375 0.128125 0.115625
1 0.5328125 0.3453125 0.1140625 0.1375
1 0.725 0.43125 0.103125 0.10625
1 0.565625 0.571875 0.1203125 0.11875
1 0.340625 0.4546875 0.0984375 0.15
1 0.534375 0.69375 0.1125 0.1265625
1 0.2828125 0.303125 0.1234375 0.1015625
1 0.3078125 0.5734375 0.1 0.10625
1 0.85625 0.8375 0.0953125 0.103125
1 0.715625 0.7953125 0.115625 0.1171875
1 0.446875 0.5609375 0.13125 0.103125
1 0.8109375 0.6515625 0.09375 0.1125
1 0.6046875 0.4359375 0.1234375 0.115625
1 0.1125 0.4578125 0.1265625 0.1421875
1 0.25 0.4546875 0.1328125 0.1375
1 0.628125 0.734375 0.08125 0.0984375
1 0.221875 0.240625 0.1234375 0.11875
1 0.578125 0.8890625 0.125 0.0984375
1 0.775 0.196875 0.084375 0.05625
1 0.4640625 0.4703125 0.1328125 0.1203125
1 0.4640625 0.896875 0.1140625 0.0875
1 0.0796875 0.7 0.115625 0.1046875
1 0.4359375 0.221875 0.109375 0.1203125
1 0.159375 0.8109375 0.1 0.1078125
1 0.5953125 0.8125 0.10625 0.103125
1 0.471875 0.6453125 0.05 0.0609375
1 0.4640625 0.1796875 0.059375 0.0609375
1 0.715625 0.6828125 0.115625 0.115625
1 0.2234375 0.765625 0.109375 0.0859375
1 0.565625 0.49375 0.0765625 0.06875
1 0.8140625 0.1484375 0.0515625 0.0484375
1 0.3265625 0.2359375 0.11875 0.11875
1 0.734375 0.34375 0.1125 0.1125
1 0.65625 0.603125 0.0984375 0.1078125
1 0.0921875 0.3203125 0.109375 0.11875
1 0.13125 0.6609375 0.0625 0.0640625
1 0.9375 0.653125 0.0875 0.09375
1 0.103125 0.2453125 0.0921875 0.0578125
1 0.1578125 0.7296875 0.0875 0.0578125
1 0.3515625 0.9109375 0.11875 0.0578125
1 0.0390625 0.6796875 0.0484375 0.0625
1 0.5859375 0.1703125 0.09375 0.0453125
1 0.6625 0.228125 0.1609375 0.08125
1 0.171875 0.334375 0.0953125 0.1265625
1 0.5484375 0.121875 0.0578125 0.0578125
1 0.928125 0.80625 0.071875 0.0984375
1 0.20625 0.0921875 0.1078125 0.0640625
1 0.965625 0.5671875 0.06875 0.1109375
1 0.51875 0.0859375 0.0796875 0.0515625
1 0.6546875 0.2890625 0.14375 0.0796875
1 0.5453125 0.21875 0.10625 0.1125
1 0.453125 0.3140625 0.08125 0.0765625
1 0.2328125 0.884375 0.10625 0.1078125
1 0.9140625 0.4359375 0.0828125 0.090625
1 0.34375 0.084375 0.1234375 0.0484375
1 0.73125 0.88125 0.115625 0.071875
1 0.203125 0.640625 0.0734375 0.090625
1 0.2265625 0.7109375 0.0625 0.0546875
1 0.1328125 0.1484375 0.109375 0.1140625
1 0.85625 0.325 0.1234375 0.1078125
1 0.065625 0.3984375 0.128125 0.06875
1 0.5609375 0.0703125 0.0453125 0.0203125
1 0.5984375 0.0859375 0.065625 0.05
1 0.0515625 0.2609375 0.1015625 0.059375
1 0.684375 0.134375 0.1171875 0.034375
1 0.0234375 0.3265625 0.046875 0.096875
1 0.64375 0.0875 0.065625 0.0515625
1 0.9546875 0.390625 0.0828125 0.0875
1 0.85 0.54375 0.1328125 0.1625
1 0.0390625 0.2046875 0.0734375 0.0859375
1 0.015625 0.3671875 0.0296875 0.0828125
1 0.05 0.4625 0.0953125 0.1203125