1 0.8296875 0.59375 0.0625 0.0609375
1 0.359375 0.684375 0.1015625 0.11875
1 0.1609375 0.4796875 0.0734375 0.0953125
1 0.225 0.4859375 0.0734375 0.1015625
1 0.6609375 0.4546875 0.075 0.0734375
1 0.1703125 0.7296875 0.09375 0.11875
1 0.55 0.475 0.0953125 0.084375
1 0.26875 0.5890625 0.125 0.0953125
1 0.6390625 0.5609375 0.0765625 0.103125
1 0.8 0.7046875 0.065625 0.059375
1 0.74375 0.4515625 0.0703125 0.096875
1 0.8046875 0.4859375 0.075 0.0671875
1 0.7203125 0.346875 0.075 0.0875
1 0.4625 0.2703125 0.0671875 0.053125
1 0.425 0.4265625 0.053125 0.046875
1 0.3578125 0.44375 0.0921875 0.10625
1 0.6859375 0.2703125 0.0640625 0.0703125
1 0.8203125 0.3546875 0.0640625 0.059375
1 0.265625 0.3 0.078125 0.078125
1 0.45625 0.4640625 0.08125 0.0671875
1 0.6828125 0.4171875 0.06875 0.0796875
1 0.4015625 0.225 0.09375 0.0671875
1 0.60625 0.5125 0.06875 0.071875
1 0.5734375 0.8640625 0.0859375 0.078125
1 0.3109375 0.496875 0.1234375 0.109375
1 0.31875 0.3578125 0.0828125 0.0703125
1 0.415625 0.5265625 0.0921875 0.06875
1 0.5515625 0.25 0.09375 0.075
1 0.23125 0.875 0.121875 0.103125
1 0.6515625 0.3375 0.06875 0.065625
1 0.7453125 0.5765625 0.10625 0.10625
1 0.19375 0.553125 0.0703125 0.0640625
1 0.6828125 0.7578125 0.1109375 0.115625
1 0.5234375 0.35 0.0921875 0.0671875
1 0.740625 0.2578125 0.0625 0.06875
1 0.7890625 0.4109375 0.0625 0.0640625
1 0.6109375 0.6703125 0.0640625 0.0828125
1 0.8109375 0.6484375 0.0859375 0.06875
1 0.175 0.621875 0.1015625 0.1265625
1 0.4796875 0.7390625 0.1171875 0.0828125
1 0.5953125 0.4078125 0.084375 0.090625
1 0.45625 0.340625 0.0890625 0.1015625
1 0.603125 0.303125 0.0609375 0.0640625
1 0.50625 0.215625 0.0890625 0.0765625
1 0.534375 0.3140625 0.0796875 0.065625
1 0.7578125 0.7375 0.0578125 0.0546875
1 0.778125 0.3234375 0.05625 0.0875
1 0.721875 0.665625 0.05 0.0828125
1 0.465625 0.15625 0.0703125 0.0609375
1 0.525 0.6203125 0.0578125 0.0734375
1 0.1546875 0.3765625 0.0609375 0.0984375
1 0.5515625 0.54375 0.059375 0.0546875
1 0.278125 0.4171875 0.0671875 0.0515625
1 0.3765625 0.3140625 0.084375 0.075
1 0.5640625 0.784375 0.0953125 0.0921875
1 0.2203125 0.35 0.0828125 0.0703125
1 0.6265625 0.8078125 0.0625 0.0703125
1 0.63125 0.253125 0.0734375 0.0703125
1 0.2828125 0.7359375 0.15 0.1625
1 0.190625 0.421875 0.065625 0.05625
1 0.653125 0.18125 0.059375 0.0640625
1 0.4828125 0.8578125 0.10625 0.15625
1 0.3875 0.3796875 0.059375 0.0640625
1 0.428125 0.0765625 0.0640625 0.05625
1 0.5546875 0.9171875 0.1078125 0.1078125
1 0.34375 0.21875 0.04375 0.0609375
1 0.3796875 0.5828125 0.090625 0.0796875
1 0.8515625 0.5609375 0.0484375 0.0546875
1 0.58125 0.6296875 0.0625 0.0796875
1 0.76875 0.534375 0.075 0.0671875
1 0.584375 0.7171875 0.0890625 0.0765625
1 0.409375 0.9546875 0.15625 0.090625
1 0.68125 0.6625 0.0625 0.0765625
1 0.415625 0.1875 0.0671875 0.046875
1 0.8453125 0.425 0.05625 0.0546875
1 0.378125 0.1484375 0.0609375 0.0578125
1 0.59375 0.209375 0.0625 0.05
1 0.4203125 0.115625 0.05 0.04375
1 0.4390625 0.765625 0.05 0.053125
1 0.834375 0.51875 0.0578125 0.053125
1 0.5671875 0.159375 0.071875 0.06875
1 0.7515625 0.675 0.0375 0.0734375
1 0.509375 0.1203125 0.0578125 0.053125
1 0.846875 0.3421875 0.04375 0.05
1 0.471875 0.0796875 0.046875 0.05
1 0.7828125 0.2578125 0.053125 0.059375
1 0.15 0.8171875 0.0515625 0.0640625