1 0.1375 0.659375 0.071875 0.053125
1 0.41875 0.7984375 0.0453125 0.0484375
1 0.45625 0.803125 0.0453125 0.0609375
1 0.4421875 0.7140625 0.0453125 0.0546875
1 0.084375 0.765625 0.0703125 0.0640625
1 0.1 0.7125 0.078125 0.0625
1 0.2890625 0.8265625 0.09375 0.0953125
1 0.371875 0.8 0.0734375 0.1140625
1 0.640625 0.75 0.0375 0.053125
1 0.70625 0.41875 0.06875 0.0828125
1 0.125 0.5984375 0.0515625 0.0515625
1 0.55 0.8078125 0.053125 0.0375
1 0.85625 0.3703125 0.0390625 0.0390625
1 0.740625 0.5640625 0.0375 0.0359375
1 0.3328125 0.7171875 0.0671875 0.05625
1 0.76875 0.4234375 0.0515625 0.04375
1 0.234375 0.8078125 0.1 0.109375
1 0.328125 0.765625 0.0328125 0.0328125
1 0.284375 0.5796875 0.0921875 0.0859375
1 0.0328125 0.675 0.0515625 0.059375
1 0.1796875 0.484375 0.0765625 0.0890625
1 0.746875 0.378125 0.0375 0.0421875
1 0.15 0.809375 0.0546875 0.053125
1 0.653125 0.7015625 0.0484375 0.0703125
1 0.728125 0.5125 0.053125 0.0640625
1 0.3140625 0.6578125 0.0578125 0.046875
1 0.6640625 0.66875 0.0421875 0.0484375
1 0.3453125 0.5921875 0.0703125 0.065625
1 0.809375 0.653125 0.0421875 0.0390625
1 0.1484375 0.8546875 0.053125 0.04375
1 0.66875 0.6203125 0.0421875 0.065625
1 0.921875 0.725 0.0375 0.0609375