1 0.434375 0.225 0.1140625 0.0796875
1 0.81875 0.1046875 0.053125 0.05625
1 0.5359375 0.296875 0.121875 0.090625
1 0.4203125 0.2921875 0.128125 0.0875
1 0.328125 0.759375 0.2078125 0.19375
1 0.20625 0.24375 0.065625 0.0765625
1 0.3046875 0.58125 0.1515625 0.1015625
1 0.5234375 0.534375 0.146875 0.121875
1 0.6578125 0.940625 0.1578125 0.1171875
1 0.7328125 0.6046875 0.0953125 0.0890625
1 0.6078125 0.6 0.128125 0.10625
1 0.51875 0.8890625 0.128125 0.115625
1 0.353125 0.146875 0.1515625 0.1015625
1 0.8390625 0.9125 0.071875 0.084375
1 0.74375 0.484375 0.109375 0.125
1 0.7046875 0.8390625 0.1453125 0.1265625
1 0.19375 0.321875 0.1265625 0.115625
1 0.1921875 0.1265625 0.134375 0.125
1 0.1859375 0.7890625 0.1234375 0.18125
1 0.4640625 0.065625 0.1140625 0.09375
1 0.5765625 0.2171875 0.153125 0.1109375
1 0.2953125 0.3640625 0.0859375 0.103125
1 0.5046875 0.1421875 0.1375 0.1046875
1 0.2328125 0.6515625 0.146875 0.1171875
1 0.6734375 0.428125 0.065625 0.065625
1 0.7859375 0.278125 0.10625 0.1140625
1 0.696875 0.534375 0.1265625 0.115625
1 0.44375 0.4609375 0.0640625 0.0609375
1 0.81875 0.3984375 0.1125 0.1375
1 0.4125 0.65625 0.059375 0.0671875
1 0.6328125 0.6796875 0.1328125 0.15
1 0.5125 0.353125 0.15 0.10625
1 0.7828125 0.95625 0.0859375 0.0796875
1 0.3421875 0.434375 0.0984375 0.0703125
1 0.3765625 0.4984375 0.1390625 0.1140625
1 0.7 0.2359375 0.109375 0.103125
1 0.41875 0.5859375 0.0796875 0.0765625
1 0.753125 0.140625 0.103125 0.1125
1 0.7921875 0.7296875 0.153125 0.16875
1 0.390625 0.1015625 0.1171875 0.0875
1 0.70625 0.1 0.0671875 0.0640625
1 0.2765625 0.921875 0.0765625 0.08125
1 0.65625 0.1625 0.0953125 0.065625
1 0.4984375 0.634375 0.1078125 0.090625
1 0.709375 0.3625 0.115625 0.096875
1 0.6296875 0.0890625 0.1015625 0.096875
1 0.1765625 0.51875 0.10625 0.1546875
1 0.490625 0.4390625 0.09375 0.0875
1 0.353125 0.8953125 0.1859375 0.1203125
1 0.6171875 0.4 0.0890625 0.078125
1 0.8078125 0.20625 0.0765625 0.0703125
1 0.2296875 0.45625 0.1484375 0.171875
1 0.81875 0.546875 0.1 0.153125
1 0.6484375 0.3015625 0.0953125 0.090625
1 0.4734375 0.95625 0.15 0.0859375
1 0.54375 0.7875 0.0765625 0.0671875
1 0.58125 0.8296875 0.1171875 0.128125
1 0.1515625 0.228125 0.05625 0.115625
1 0.83125 0.6625 0.0859375 0.09375
1 0.3390625 0.21875 0.0796875 0.071875
1 0.3375 0.0375 0.0921875 0.071875
1 0.5421875 0.028125 0.0875 0.053125
1 0.29375 0.2625 0.128125 0.1265625
1 0.415625 0.0234375 0.0796875 0.0453125
1 0.6296875 0.0265625 0.0453125 0.04375
1 0.1453125 0.38125 0.0421875 0.0875
1 0.165625 0.91875 0.084375 0.10625
1 0.853125 0.1546875 0.0421875 0.0515625
1 0.4671875 0.5359375 0.096875 0.084375
1 0.678125 0.0484375 0.065625 0.0671875
1 0.1484375 0.63125 0.05 0.090625
1 0.15625 0.7046875 0.0640625 0.075
1 0.428125 0.3984375 0.0796875 0.075
1 0.175 0.075 0.0640625 0.0453125
1 0.7015625 0.025 0.0546875 0.04375
1 0.275 0.034375 0.0828125 0.065625