1 0.371875 0.646875 0.1984375 0.1640625
1 0.603125 0.6859375 0.15625 0.16875
1 0.621875 0.3953125 0.1234375 0.1109375
1 0.403125 0.425 0.184375 0.1359375
1 0.7 0.646875 0.1296875 0.165625
1 0.621875 0.5578125 0.109375 0.1
1 0.8125 0.3984375 0.153125 0.140625
1 0.55625 0.2921875 0.1734375 0.128125
1 0.39375 0.284375 0.15625 0.1046875
1 0.3078125 0.7703125 0.1515625 0.1140625
1 0.2796875 0.4328125 0.146875 0.159375
1 0.484375 0.3890625 0.146875 0.140625
1 0.165625 0.4140625 0.1078125 0.1171875
1 0.4328125 0.7390625 0.1453125 0.1296875
1 0.70625 0.3328125 0.128125 0.13125
1 0.334375 0.3421875 0.14375 0.0953125
1 0.6828125 0.4765625 0.15625 0.121875
1 0.5 0.203125 0.1734375 0.1015625
1 0.2140625 0.3078125 0.14375 0.1359375
1 0.3734375 0.521875 0.14375 0.11875
1 0.0640625 0.3484375 0.128125 0.13125
1 0.7203125 0.2578125 0.1359375 0.075
1 0.878125 0.7015625 0.121875 0.125
1 0.0484375 0.2421875 0.096875 0.13125
1 0.165625 0.7765625 0.08125 0.096875
1 0.8328125 0.5359375 0.1453125 0.15625
1 0.475 0.803125 0.1578125 0.0875
1 0.325 0.1984375 0.1765625 0.09375
1 0.2046875 0.575 0.1625 0.1171875
1 0.78125 0.728125 0.1375 0.18125
1 0.203125 0.503125 0.146875 0.0921875
1 0.9421875 0.41875 0.1109375 0.10625
1 0.515625 0.5578125 0.16875 0.1984375
1 0.94375 0.696875 0.1109375 0.159375
1 0.065625 0.503125 0.1296875 0.2109375
1 0.896875 0.8 0.165625 0.09375
1 0.0984375 0.6671875 0.175 0.13125
1 0.7140625 0.190625 0.1203125 0.0765625
1 0.21875 0.8234375 0.096875 0.05