1 0.7171875 0.7625 0.1046875 0.084375
1 0.1015625 0.7609375 0.040625 0.0421875
1 0.209375 0.734375 0.0453125 0.040625
1 0.5078125 0.8390625 0.05 0.0453125
1 0.234375 0.7671875 0.0765625 0.0890625
1 0.1890625 0.709375 0.0609375 0.0421875
1 0.428125 0.7140625 0.08125 0.0921875
1 0.1140625 0.83125 0.0984375 0.0859375
1 0.1328125 0.640625 0.040625 0.0359375
1 0.140625 0.515625 0.0484375 0.0390625
1 0.2625 0.290625 0.04375 0.0421875
1 0.0390625 0.6984375 0.078125 0.1234375
1 0.2984375 0.3265625 0.0625 0.0578125
1 0.315625 0.7484375 0.0421875 0.065625
1 0.09375 0.7 0.053125 0.059375
1 0.225 0.3140625 0.0578125 0.0515625
1 0.2578125 0.834375 0.1015625 0.08125
1 0.66875 0.84375 0.0828125 0.0640625
1 0.1078125 0.6625 0.0578125 0.028125
1 0.85625 0.8125 0.065625 0.059375
1 0.55625 0.7328125 0.06875 0.090625
1 0.1140625 0.16875 0.0859375 0.0859375
1 0.3625 0.7328125 0.03125 0.05
1 0.3 0.2828125 0.034375 0.0375