1 0.5921875 0.3328125 0.15 0.125
1 0.7671875 0.196875 0.125 0.090625
1 0.74375 0.59375 0.1578125 0.171875
1 0.10625 0.4078125 0.075 0.075
1 0.2578125 0.43125 0.115625 0.1609375
1 0.334375 0.5109375 0.1265625 0.1328125
1 0.0421875 0.4515625 0.0765625 0.0828125
1 0.8390625 0.434375 0.171875 0.159375
1 0.678125 0.26875 0.159375 0.1390625
1 0.5015625 0.4 0.0890625 0.103125
1 0.315625 0.28125 0.1171875 0.1203125
1 0.1734375 0.471875 0.0953125 0.1703125
1 0.0453125 0.575 0.0765625 0.1015625
1 0.503125 0.525 0.153125 0.1265625
1 0.359375 0.6046875 0.121875 0.175
1 0.2265625 0.78125 0.1265625 0.1265625
1 0.1078125 0.5796875 0.0828125 0.096875
1 0.6125 0.440625 0.1484375 0.140625
1 0.6390625 0.61875 0.1015625 0.15
1 0.1015625 0.4859375 0.06875 0.096875
1 0.3546875 0.7328125 0.153125 0.1296875
1 0.134375 0.6625 0.121875 0.190625
1 0.1765625 0.25625 0.1046875 0.0984375
1 0.2328125 0.59375 0.0921875 0.14375
1 0.4484375 0.4765625 0.09375 0.096875
1 0.2734375 0.665625 0.0875 0.1296875
1 0.1984375 0.3515625 0.090625 0.0703125
1 0.3578125 0.38125 0.1 0.1171875
1 0.7765625 0.46875 0.09375 0.103125
1 0.9140625 0.61875 0.109375 0.1171875
1 0.778125 0.7484375 0.14375 0.128125
1 0.8078125 0.290625 0.1140625 0.14375
1 0.86875 0.6859375 0.1125 0.1078125
1 0.653125 0.715625 0.1 0.0828125
1 0.553125 0.6640625 0.15 0.19375
1 0.44375 0.334375 0.1015625 0.1453125
1 0.3203125 0.81875 0.0984375 0.059375
1 0.9453125 0.5203125 0.10625 0.1203125
1 0.85 0.559375 0.109375 0.1109375
1 0.3828125 0.2078125 0.1171875 0.1125
1 0.4359375 0.6546875 0.1015625 0.1515625