1 0.6171875 0.5203125 0.084375 0.0796875
1 0.3296875 0.684375 0.1109375 0.1296875
1 0.64375 0.575 0.0953125 0.1125
1 0.6765625 0.46875 0.090625 0.0859375
1 0.4765625 0.2578125 0.08125 0.059375
1 0.6109375 0.409375 0.0984375 0.103125
1 0.6609375 0.246875 0.075 0.0703125
1 0.70625 0.425 0.078125 0.0875
1 0.5734375 0.240625 0.103125 0.078125
1 0.290625 0.4828125 0.1265625 0.1171875
1 0.2 0.459375 0.078125 0.0984375
1 0.4078125 0.525 0.109375 0.0765625
1 0.475 0.753125 0.10625 0.0796875
1 0.3859375 0.365625 0.0625 0.071875
1 0.453125 0.459375 0.0953125 0.0765625
1 0.346875 0.4375 0.10625 0.11875
1 0.540625 0.340625 0.1 0.078125
1 0.25625 0.2703125 0.0875 0.084375
1 0.4109375 0.2015625 0.115625 0.075
1 0.5234375 0.4171875 0.06875 0.06875
1 0.3609375 0.578125 0.103125 0.0828125
1 0.7515625 0.35625 0.08125 0.0984375
1 0.834375 0.51875 0.08125 0.0890625
1 0.7234375 0.2734375 0.071875 0.0796875
1 0.20625 0.3265625 0.0953125 0.0796875
1 0.6765625 0.3390625 0.0796875 0.071875
1 0.55625 0.890625 0.090625 0.0875
1 0.4671875 0.3109375 0.0921875 0.0703125
1 0.2796875 0.7859375 0.159375 0.0984375
1 0.240625 0.578125 0.140625 0.1015625
1 0.3109375 0.3390625 0.0921875 0.078125
1 0.1671875 0.3921875 0.0765625 0.0625
1 0.5421875 0.553125 0.0828125 0.0703125
1 0.7875 0.2609375 0.06875 0.075
1 0.3765625 0.290625 0.096875 0.0875
1 0.69375 0.175 0.06875 0.075
1 0.4546875 0.046875 0.0703125 0.0609375
1 0.5546875 0.4765625 0.1078125 0.090625
1 0.421875 0.4140625 0.0625 0.0484375
1 0.759375 0.6015625 0.1140625 0.1171875
1 0.628125 0.2984375 0.06875 0.06875
1 0.81875 0.4328125 0.078125 0.0796875
1 0.44375 0.0953125 0.05625 0.0578125
1 0.2390625 0.7171875 0.1546875 0.1453125
1 0.6171875 0.8296875 0.0765625 0.084375
1 0.815625 0.7390625 0.0796875 0.06875
1 0.846875 0.6234375 0.05 0.0703125
1 0.7703125 0.4703125 0.071875 0.10625
1 0.1640625 0.5359375 0.071875 0.0671875
1 0.1859375 0.8765625 0.125 0.1140625
1 0.821875 0.340625 0.0671875 0.0828125
1 0.2578125 0.3875 0.078125 0.0625
1 0.525 0.1921875 0.1 0.0859375
1 0.4640625 0.3609375 0.103125 0.1015625
1 0.4875 0.51875 0.05625 0.053125
1 0.4359375 0.171875 0.08125 0.0640625
1 0.6328125 0.196875 0.075 0.0578125
1 0.79375 0.559375 0.0796875 0.0796875
1 0.5203125 0.63125 0.0609375 0.0859375
1 0.7296875 0.6890625 0.0546875 0.0828125
1 0.828125 0.6828125 0.0890625 0.075
1 0.6078125 0.684375 0.0890625 0.096875
1 0.4875 0.1375 0.078125 0.0671875
1 0.3625 0.1140625 0.06875 0.05
1 0.146875 0.453125 0.046875 0.0953125
1 0.68125 0.784375 0.11875 0.1234375
1 0.765625 0.7703125 0.0625 0.059375
1 0.4046875 0.25625 0.059375 0.0515625
1 0.575 0.7328125 0.096875 0.0828125
1 0.5015625 0.0484375 0.046875 0.046875
1 0.55 0.8046875 0.1046875 0.0984375