1 0.5125 0.828125 0.1359375 0.1359375
1 0.4953125 0.121875 0.06875 0.0359375
1 0.671875 0.4859375 0.0703125 0.0546875
1 0.2609375 0.3921875 0.115625 0.0921875
1 0.6046875 0.328125 0.0859375 0.053125
1 0.2765625 0.2734375 0.0796875 0.065625
1 0.6109375 0.496875 0.0515625 0.0578125
1 0.3125 0.1296875 0.0421875 0.028125
1 0.278125 0.60625 0.09375 0.0703125
1 0.4078125 0.3546875 0.0828125 0.071875
1 0.4140625 0.4359375 0.0625 0.084375
1 0.3546875 0.5375 0.0921875 0.0765625
1 0.6890625 0.35625 0.065625 0.0734375
1 0.63125 0.209375 0.0515625 0.0578125
1 0.5515625 0.1515625 0.0546875 0.046875
1 0.534375 0.64375 0.078125 0.096875
1 0.64375 0.5546875 0.1234375 0.078125
1 0.184375 0.565625 0.1203125 0.0984375
1 0.3484375 0.6859375 0.0953125 0.1046875
1 0.4296875 0.64375 0.1421875 0.1265625
1 0.4328125 0.503125 0.0734375 0.0703125
1 0.2484375 0.49375 0.065625 0.078125
1 0.4375 0.225 0.0859375 0.084375
1 0.18125 0.715625 0.084375 0.0765625
1 0.265625 0.2296875 0.0421875 0.0265625
1 0.634375 0.2765625 0.0875 0.0890625
1 0.575 0.21875 0.0734375 0.0640625
1 0.4546875 0.11875 0.05625 0.040625
1 0.4171875 0.175 0.06875 0.078125
1 0.5609375 0.5046875 0.0828125 0.075
1 0.1921875 0.64375 0.0859375 0.06875
1 0.3453125 0.3671875 0.0578125 0.0578125
1 0.2671875 0.15625 0.05 0.0328125
1 0.7765625 0.325 0.075 0.0484375
1 0.3484375 0.6015625 0.059375 0.053125
1 0.2078125 0.2265625 0.0515625 0.04375
1 0.484375 0.365625 0.1 0.0734375
1 0.5203125 0.196875 0.0703125 0.0703125
1 0.496875 0.275 0.06875 0.0703125
1 0.734375 0.39375 0.0484375 0.0421875
1 0.2875 0.540625 0.06875 0.0828125
1 0.6109375 0.728125 0.1125 0.1125
1 0.6953125 0.1953125 0.0875 0.0546875
1 0.35625 0.1671875 0.0625 0.0640625
1 0.7359375 0.5234375 0.090625 0.075
1 0.7265625 0.446875 0.1015625 0.0671875
1 0.7734375 0.725 0.1015625 0.0859375
1 0.475 0.7359375 0.125 0.09375
1 0.5640625 0.1046875 0.0359375 0.0296875
1 0.415625 0.303125 0.0875 0.059375
1 0.2171875 0.4765625 0.08125 0.0734375
1 0.7703125 0.265625 0.0671875 0.0703125
1 0.6609375 0.93125 0.0828125 0.078125
1 0.671875 0.8328125 0.15625 0.11875
1 0.5375 0.584375 0.0921875 0.090625
1 0.7703125 0.359375 0.096875 0.0796875
1 0.828125 0.26875 0.0625 0.046875
1 0.69375 0.7421875 0.0578125 0.071875
1 0.35 0.446875 0.084375 0.0984375
1 0.246875 0.66875 0.1 0.0984375
1 0.4828125 0.4484375 0.090625 0.0984375
1 0.60625 0.1078125 0.0453125 0.0359375
1 0.3890625 0.5734375 0.084375 0.0578125
1 0.2625 0.3328125 0.0984375 0.053125
1 0.35 0.303125 0.0921875 0.0796875
1 0.2421875 0.2046875 0.0484375 0.0453125
1 0.1625 0.3953125 0.0765625 0.075
1 0.6453125 0.63125 0.1390625 0.0984375
1 0.825 0.2046875 0.059375 0.046875
1 0.2859375 0.459375 0.0578125 0.0578125
1 0.5890625 0.36875 0.0828125 0.08125
1 0.7328125 0.590625 0.071875 0.0734375
1 0.6390625 0.4296875 0.084375 0.078125
1 0.3390625 0.8078125 0.1125 0.1453125
1 0.8359375 0.3921875 0.0625 0.06875
1 0.496875 0.521875 0.05625 0.0484375
1 0.8234375 0.5140625 0.0890625 0.06875
1 0.784375 0.815625 0.090625 0.096875
1 0.7984375 0.6515625 0.059375 0.06875
1 0.84375 0.7875 0.0578125 0.0734375
1 0.734375 0.11875 0.04375 0.0328125
1 0.3421875 0.2328125 0.0828125 0.0625
1 0.6515625 0.1671875 0.0515625 0.0484375
1 0.4828125 0.3171875 0.053125 0.0375
1 0.7265625 0.671875 0.084375 0.0875
1 0.7890625 0.13125 0.0515625 0.034375
1 0.765625 0.2046875 0.0609375 0.0421875
1 0.8390625 0.321875 0.0640625 0.06875
1 0.18125 0.265625 0.0421875 0.034375
1 0.4859375 0.153125 0.0671875 0.0515625
1 0.821875 0.5875 0.0828125 0.084375
1 0.1984375 0.521875 0.0546875 0.04375
1 0.284375 0.203125 0.0578125 0.05625
1 0.659375 0.396875 0.0765625 0.071875
1 0.359375 0.8953125 0.103125 0.096875
1 0.5984375 0.4359375 0.0625 0.0484375
1 0.1796875 0.2015625 0.0625 0.0515625
1 0.1546875 0.790625 0.0625 0.0875
1 0.7171875 0.153125 0.0703125 0.0453125
1 0.14375 0.440625 0.040625 0.0578125
1 0.1828125 0.459375 0.0609375 0.0703125
1 0.84375 0.66875 0.05625 0.1203125
1 0.2328125 0.271875 0.0546875 0.0703125
1 0.18125 0.3390625 0.0734375 0.0515625
1 0.8203125 0.16875 0.0609375 0.040625
1 0.1546875 0.8734375 0.0609375 0.1
1 0.6828125 0.234375 0.05 0.03125
1 0.7078125 0.28125 0.0875 0.096875
1 0.559375 0.2765625 0.0640625 0.0671875
1 0.14375 0.2015625 0.040625 0.046875
1 0.8484375 0.23125 0.053125 0.053125
1 0.31875 0.19375 0.0390625 0.0546875
1 0.178125 0.1234375 0.0421875 0.034375
1 0.1453125 0.5 0.04375 0.0546875
1 0.55 0.4234375 0.05625 0.08125
1 0.609375 0.153125 0.05625 0.071875
1 0.1875 0.29375 0.0609375 0.0453125
1 0.24375 0.9140625 0.13125 0.159375
1 0.2125 0.153125 0.0578125 0.04375
1 0.8640625 0.1890625 0.0234375 0.0390625
1 0.1453125 0.28125 0.0421875 0.0765625
1 0.58125 0.7890625 0.05 0.0625
1 0.2546875 0.775 0.134375 0.1375
1 0.4703125 0.5875 0.08125 0.0734375
1 0.1640625 0.9703125 0.0765625 0.0578125
1 0.21875 0.375 0.0421875 0.0546875
1 0.2171875 0.853125 0.06875 0.0484375
1 0.14375 0.14375 0.040625 0.053125
1 0.7421875 0.9484375 0.1125 0.0921875
1 0.440625 0.95 0.1078125 0.1
1 0.584375 0.98125 0.1296875 0.0375
1 0.8328125 0.4359375 0.0796875 0.0875
1 0.803125 0.965625 0.121875 0.065625
1 0.746875 0.23125 0.09375 0.0640625