1 0.5921875 0.353125 0.1203125 0.1125
1 0.784375 0.3609375 0.15 0.1375
1 0.4375 0.7859375 0.159375 0.121875
1 0.365625 0.2375 0.1546875 0.10625
1 0.4625 0.3390625 0.1390625 0.1296875
1 0.6578125 0.4421875 0.15625 0.11875
1 0.1734375 0.5328125 0.159375 0.1203125
1 0.5921875 0.5203125 0.103125 0.1
1 0.290625 0.73125 0.1171875 0.1125
1 0.2875 0.8171875 0.1203125 0.0609375
1 0.18125 0.25625 0.1375 0.1390625
1 0.246875 0.3859375 0.1390625 0.165625
1 0.68125 0.2921875 0.1328125 0.13125
1 0.371875 0.38125 0.1796875 0.1359375
1 0.340625 0.6078125 0.1984375 0.1625
1 0.91875 0.6671875 0.109375 0.153125
1 0.8453125 0.671875 0.115625 0.121875
1 0.4796875 0.5390625 0.14375 0.16875
1 0.5265625 0.246875 0.16875 0.128125
1 0.134375 0.365625 0.1078125 0.11875
1 0.1671875 0.459375 0.1453125 0.0921875
1 0.8640625 0.7875 0.1609375 0.1203125
1 0.3046875 0.296875 0.14375 0.0984375
1 0.5 0.465625 0.134375 0.128125
1 0.3484375 0.478125 0.13125 0.1140625
1 0.0671875 0.6234375 0.13125 0.1359375
1 0.4828125 0.7109375 0.0859375 0.1046875
1 0.5703125 0.65 0.15 0.16875
1 0.66875 0.6140625 0.13125 0.16875
1 0.91875 0.3828125 0.1140625 0.10625
1 0.7515625 0.6984375 0.1359375 0.178125
1 0.5625 0.803125 0.0828125 0.065625
1 0.459375 0.1796875 0.1375 0.0546875
1 0.046875 0.4546875 0.0921875 0.2078125
1 0.23125 0.7328125 0.0828125 0.1
1 0.965625 0.5796875 0.0625 0.1140625
1 0.128125 0.7375 0.08125 0.0953125
1 0.05 0.296875 0.1 0.1359375
1 0.6953125 0.2171875 0.1390625 0.0796875
1 0.778125 0.5890625 0.0921875 0.0640625
1 0.1765625 0.8046875 0.0921875 0.078125
1 0.3078125 0.1734375 0.1203125 0.040625
1 0.603125 0.1859375 0.0875 0.0671875
1 0.26875 0.2046875 0.0765625 0.0625
1 0.1984375 0.6421875 0.0890625 0.0703125
1 0.1703125 0.1765625 0.0859375 0.0421875
1 0.8453125 0.5640625 0.0859375 0.0828125
1 0.903125 0.4609375 0.065625 0.0609375
1 0.690625 0.5421875 0.0953125 0.05625
1 0.0921875 0.2421875 0.071875 0.1109375
1 0.03125 0.1984375 0.0625 0.0921875
1 0.8046875 0.2703125 0.0875 0.0671875
1 0.8765625 0.31875 0.0625 0.06875
1 0.6296875 0.79375 0.071875 0.0578125
1 0.7015625 0.1703125 0.1078125 0.034375
1 0.61875 0.825 0.146875 0.046875
1 0.7640625 0.540625 0.053125 0.0484375
1 0.015625 0.48125 0.03125 0.1421875
1 0.0875 0.7234375 0.0859375 0.0875
1 0.084375 0.1734375 0.0609375 0.0421875
1 0.678125 0.7953125 0.0515625 0.0515625
1 0.915625 0.55 0.059375 0.0609375
1 0.015625 0.6046875 0.0296875 0.065625
1 0.9109375 0.34375 0.0640625 0.075
1 0.96875 0.4640625 0.0578125 0.06875
1 0.2265625 0.16875 0.0578125 0.0328125