1 0.409375 0.746875 0.0421875 0.0609375
1 0.446875 0.7390625 0.040625 0.0734375
1 0.5734375 0.5015625 0.0328125 0.0671875
1 0.6203125 0.38125 0.04375 0.053125
1 0.484375 0.6484375 0.0359375 0.0609375
1 0.4 0.6625 0.0484375 0.0640625
1 0.5515625 0.3890625 0.0328125 0.0421875
1 0.55 0.5953125 0.053125 0.0296875
1 0.5421875 0.4859375 0.034375 0.0359375
1 0.5421875 0.55625 0.0296875 0.0640625
1 0.54375 0.4375 0.0375 0.0640625
1 0.58125 0.3890625 0.0328125 0.04375
1 0.621875 0.671875 0.05625 0.0328125
1 0.3140625 0.7640625 0.0578125 0.0421875
1 0.4625 0.5421875 0.0359375 0.0453125
1 0.565625 0.4546875 0.0328125 0.046875
1 0.471875 0.45625 0.0390625 0.06875
1 0.51875 0.515625 0.034375 0.0390625
1 0.3984375 0.796875 0.053125 0.0640625
1 0.4203125 0.55625 0.0390625 0.0703125
1 0.3140625 0.5234375 0.0765625 0.0984375
1 0.7359375 0.5203125 0.0359375 0.06875
1 0.4125 0.4359375 0.0375 0.0484375
1 0.5453125 0.715625 0.0578125 0.03125
1 0.5109375 0.4609375 0.0359375 0.071875
1 0.715625 0.4421875 0.0359375 0.0515625
1 0.8984375 0.4140625 0.0546875 0.0546875
1 0.6078125 0.425 0.084375 0.0375
1 0.2390625 0.7546875 0.0859375 0.0640625
1 0.878125 0.5453125 0.0546875 0.0609375
1 0.503125 0.5546875 0.034375 0.059375
1 0.7546875 0.4609375 0.0484375 0.0609375
1 0.709375 0.6015625 0.034375 0.0359375
1 0.4203125 0.390625 0.040625 0.0515625
1 0.2796875 0.7921875 0.0515625 0.059375
1 0.771875 0.5234375 0.0453125 0.0640625
1 0.6140625 0.5734375 0.0515625 0.0359375
1 0.8265625 0.6453125 0.075 0.04375
1 0.38125 0.4265625 0.0359375 0.0796875
1 0.678125 0.75625 0.0484375 0.0375
1 0.83125 0.5 0.053125 0.05625
1 0.2421875 0.815625 0.0359375 0.071875
1 0.35 0.7515625 0.0484375 0.0375
1 0.0984375 0.4671875 0.0828125 0.0359375
1 0.146875 0.4421875 0.096875 0.0453125
1 0.596875 0.59375 0.05 0.05
1 0.8640625 0.5109375 0.0484375 0.0546875
1 0.6734375 0.4625 0.0390625 0.053125
1 0.809375 0.4796875 0.075 0.0484375