1 0.8515625 0.678125 0.153125 0.140625
1 0.815625 0.5140625 0.140625 0.153125
1 0.9265625 0.5546875 0.146875 0.1578125
1 0.2984375 0.53125 0.1390625 0.1515625
1 0.134375 0.3328125 0.1890625 0.1796875
1 0.6375 0.7734375 0.153125 0.15625
1 0.4328125 0.5 0.165625 0.1734375
1 0.04375 0.4890625 0.0875 0.2140625
1 0.628125 0.6125 0.128125 0.1421875
1 0.790625 0.79375 0.15625 0.15625
1 0.5671875 0.5109375 0.109375 0.175
1 0.315625 0.3890625 0.16875 0.1625
1 0.528125 0.696875 0.1546875 0.1953125
1 0.1515625 0.4875 0.1546875 0.146875
1 0.9703125 0.696875 0.0578125 0.1453125
1 0.934375 0.80625 0.13125 0.13125
1 0.7859375 0.615625 0.071875 0.0640625
1 0.734375 0.5703125 0.05625 0.0609375