1 0.325 0.571875 0.1109375 0.090625
1 0.5765625 0.5390625 0.0921875 0.096875
1 0.4125 0.7078125 0.171875 0.15625
1 0.4828125 0.4671875 0.109375 0.121875
1 0.678125 0.6953125 0.165625 0.1203125
1 0.6125 0.3671875 0.10625 0.1015625
1 0.3984375 0.45 0.078125 0.103125
1 0.5484375 0.6359375 0.109375 0.109375
1 0.2015625 0.8625 0.1546875 0.16875
1 0.3203125 0.4640625 0.1046875 0.1234375
1 0.23125 0.65625 0.1171875 0.0875
1 0.63125 0.815625 0.1375 0.1421875
1 0.2390625 0.575 0.0859375 0.1015625
1 0.403125 0.2859375 0.10625 0.0734375
1 0.7 0.4046875 0.096875 0.084375
1 0.7921875 0.5609375 0.1046875 0.090625
1 0.4875 0.365625 0.128125 0.0890625
1 0.7765625 0.64375 0.0828125 0.0875
1 0.1671875 0.4921875 0.0859375 0.0875
1 0.7828125 0.46875 0.1265625 0.084375
1 0.3203125 0.3609375 0.071875 0.0734375
1 0.1890625 0.7328125 0.11875 0.121875
1 0.3078125 0.75625 0.11875 0.13125
1 0.315625 0.19375 0.103125 0.0703125
1 0.2421875 0.471875 0.0640625 0.0625
1 0.6703125 0.25625 0.1109375 0.1109375
1 0.4671875 0.8203125 0.15 0.11875
1 0.21875 0.3171875 0.1109375 0.065625
1 0.2953125 0.9109375 0.1390625 0.165625
1 0.6 0.1859375 0.09375 0.0765625
1 0.821875 0.8125 0.1078125 0.1046875
1 0.584375 0.25625 0.0828125 0.084375
1 0.4171875 0.534375 0.0875 0.090625
1 0.43125 0.190625 0.1046875 0.1078125
1 0.703125 0.934375 0.190625 0.13125
1 0.2203125 0.190625 0.0515625 0.0328125
1 0.153125 0.184375 0.0578125 0.05
1 0.3921875 0.3515625 0.103125 0.090625
1 0.7109375 0.51875 0.0890625 0.0703125
1 0.79375 0.4046875 0.0609375 0.05
1 0.5640625 0.4359375 0.0703125 0.096875
1 0.7359375 0.353125 0.08125 0.0953125
1 0.234375 0.24375 0.09375 0.0796875
1 0.4515625 0.0578125 0.0609375 0.0484375
1 0.7453125 0.15625 0.103125 0.0703125
1 0.4890625 0.3015625 0.075 0.053125
1 0.49375 0.1015625 0.078125 0.0625
1 0.1625 0.36875 0.05625 0.0671875
1 0.1578125 0.09375 0.0625 0.05625
1 0.7578125 0.2671875 0.096875 0.115625
1 0.8359375 0.246875 0.078125 0.0859375
1 0.5515625 0.31875 0.0421875 0.04375
1 0.534375 0.153125 0.084375 0.0859375
1 0.46875 0.6375 0.0828125 0.0703125
1 0.5890625 0.10625 0.075 0.06875
1 0.4890625 0.91875 0.2109375 0.1625
1 0.278125 0.06875 0.0546875 0.0421875
1 0.640625 0.0421875 0.05625 0.04375
1 0.6984375 0.115625 0.053125 0.05
1 0.7984375 0.065625 0.05 0.0375
1 0.84375 0.728125 0.05625 0.078125
1 0.2171875 0.10625 0.0640625 0.0546875
1 0.83125 0.1796875 0.0765625 0.0671875
1 0.19375 0.1609375 0.053125 0.05
1 0.40625 0.125 0.0828125 0.1015625
1 0.846875 0.134375 0.05625 0.0609375
1 0.6046875 0.0765625 0.046875 0.0421875
1 0.66875 0.16875 0.0640625 0.0796875
1 0.16875 0.2375 0.0875 0.1
1 0.1578125 0.6015625 0.0671875 0.1125
1 0.509375 0.059375 0.0890625 0.0546875
1 0.6921875 0.46875 0.0703125 0.059375
1 0.584375 0.0484375 0.046875 0.040625
1 0.3375 0.1140625 0.0765625 0.0875
1 0.840625 0.31875 0.0703125 0.0640625
1 0.2734375 0.421875 0.0671875 0.0578125
1 0.1515625 0.8 0.05625 0.115625
1 0.1453125 0.15 0.04375 0.05625
1 0.15 0.6890625 0.0515625 0.0671875
1 0.8359375 0.0828125 0.071875 0.059375
1 0.14375 0.31875 0.0390625 0.0765625
1 0.1859375 0.1328125 0.059375 0.0421875
1 0.7765625 0.103125 0.078125 0.05625
1 0.40625 0.953125 0.090625 0.09375