1 0.1453125 0.5375 0.0640625 0.08125
1 0.0890625 0.5203125 0.065625 0.0703125
1 0.3625 0.4234375 0.0875 0.09375
1 0.140625 0.478125 0.0671875 0.0640625
1 0.253125 0.3453125 0.0609375 0.1046875
1 0.3875 0.5984375 0.1109375 0.14375
1 0.078125 0.5671875 0.0421875 0.0390625
1 0.10625 0.6109375 0.0734375 0.0875
1 0.5640625 0.3609375 0.134375 0.1
1 0.28125 0.478125 0.1015625 0.13125
1 0.3109375 0.296875 0.046875 0.0375
1 0.2734375 0.60625 0.0828125 0.115625
1 0.3625 0.2734375 0.1125 0.115625
1 0.5890625 0.440625 0.1375 0.11875
1 0.1859375 0.346875 0.0890625 0.090625
1 0.453125 0.4953125 0.0953125 0.0953125
1 0.3125 0.3546875 0.1078125 0.096875
1 0.353125 0.53125 0.10625 0.1125
1 0.159375 0.6125 0.0703125 0.08125
1 0.5015625 0.51875 0.1375 0.1125
1 0.7265625 0.54375 0.15 0.128125
1 0.215625 0.4171875 0.0875 0.065625
1 0.2078125 0.5171875 0.0921875 0.1375
1 0.4921875 0.4234375 0.0828125 0.08125
1 0.475 0.253125 0.125 0.1140625
1 0.19375 0.671875 0.1015625 0.153125
1 0.3203125 0.6546875 0.0765625 0.1046875
1 0.434375 0.3765625 0.1 0.115625
1 0.5640625 0.625 0.1296875 0.1546875
1 0.0671875 0.7140625 0.0765625 0.0828125
1 0.134375 0.4015625 0.06875 0.040625
1 0.0390625 0.6140625 0.071875 0.096875
1 0.440625 0.3234375 0.0953125 0.0640625
1 0.6375 0.5734375 0.1 0.1140625
1 0.7140625 0.3796875 0.0296875 0.028125
1 0.4640625 0.628125 0.0890625 0.11875
1 0.6609375 0.6546875 0.0890625 0.0828125
1 0.3953125 0.696875 0.1328125 0.115625
1 0.0296875 0.55 0.059375 0.059375
1 0.7953125 0.4046875 0.1609375 0.11875
1 0.290625 0.753125 0.1109375 0.1125
1 0.725 0.4375 0.08125 0.0796875
1 0.378125 0.7890625 0.0953125 0.084375
1 0.8359375 0.3078125 0.084375 0.103125
1 0.1375 0.725 0.0390625 0.0671875
1 0.5078125 0.7578125 0.0921875 0.1265625
1 0.60625 0.2171875 0.1 0.0875
1 0.921875 0.3140625 0.0953125 0.0921875
1 0.8171875 0.5046875 0.1015625 0.0859375
1 0.5875 0.178125 0.096875 0.05
1 0.6375 0.7203125 0.1390625 0.0953125
1 0.703125 0.2078125 0.10625 0.1125
1 0.3 0.2453125 0.0484375 0.0515625
1 0.88125 0.540625 0.1046875 0.0875
1 0.771875 0.6609375 0.13125 0.103125
1 0.578125 0.8046875 0.1015625 0.0875
1 0.4078125 0.221875 0.05625 0.0484375
1 0.3328125 0.2 0.053125 0.05
1 0.246875 0.30625 0.046875 0.0421875
1 0.7875 0.240625 0.084375 0.065625
1 0.928125 0.3984375 0.13125 0.0859375
1 0.7671875 0.1796875 0.0578125 0.0546875
1 0.903125 0.4609375 0.121875 0.096875
1 0.7234375 0.746875 0.090625 0.08125
1 0.6625 0.8015625 0.0765625 0.0875
1 0.446875 0.759375 0.065625 0.1125
1 0.9328125 0.259375 0.1015625 0.0859375
1 0.7515625 0.2984375 0.103125 0.11875
1 0.953125 0.515625 0.0875 0.0734375
1 0.4484375 0.178125 0.05625 0.0484375
1 0.04375 0.490625 0.075 0.06875
1 0.54375 0.7328125 0.046875 0.0609375
1 0.846875 0.603125 0.1 0.084375
1 0.378125 0.1796875 0.0796875 0.0546875
1 0.303125 0.2125 0.0375 0.0390625
1 0.821875 0.171875 0.0625 0.0375
1 0.215625 0.8265625 0.05625 0.040625
1 0.63125 0.40625 0.0984375 0.0625
1 0.790625 0.2078125 0.0578125 0.0375
1 0.7109375 0.3453125 0.0421875 0.0484375
1 0.2921875 0.4140625 0.05625 0.053125
1 0.8640625 0.2078125 0.0984375 0.09375
1 0.134375 0.4421875 0.1140625 0.0609375
1 0.065625 0.4671875 0.040625 0.0453125
1 0.0125 0.525 0.0234375 0.04375
1 0.515625 0.2015625 0.065625 0.0390625
1 0.0953125 0.76875 0.05625 0.05
1 0.1125 0.80625 0.0390625 0.0515625
1 0.0203125 0.6984375 0.040625 0.0515625