1 0.675585284375 0.5632316046875 0.6989966562500001 0.539820234375 0.70568561875 0.4628971578125 0.6688963203125 0.419418896875 0.6086956515625 0.422763378125 0.5752508359374999 0.4695861203125 0.5752508359374999 0.5264423078125 0.612040134375 0.57660953125 0.6354515046875 0.5799540140625 0.675585284375 0.5632316046875
1 0.4849498328125 0.5097199 0.4849498328125 0.44951923125000004 0.441471571875 0.4093854515625 0.3913043484375 0.422763378125 0.35451505 0.4729306015625 0.35785953125000003 0.5364757531250001 0.3979933109375 0.57326505 0.4581939796875 0.5531981609375001 0.4849498328125 0.5097199
1 0.3076923078125 0.656877090625 0.2809364546875 0.6368102 0.2508361203125 0.6368102 0.210702340625 0.6702550171875 0.1906354515625 0.7103887953125 0.20066889687499997 0.777278428125 0.2909699 0.777278428125 0.3143812703125 0.723766721875 0.3076923078125 0.656877090625
1 0.87625418125 0.56992056875 0.9063545156249999 0.5230978265624999 0.8929765890624999 0.45620819375000005 0.8695652171875 0.4327968234375 0.8294314375 0.42610785937499995 0.7892976593750001 0.46624163906250005 0.7859531765625001 0.5030309359375 0.8026755859374999 0.546509196875 0.8428093640625001 0.57660953125 0.87625418125 0.56992056875
1 0.729096990625 0.717077759375 0.6989966562500001 0.6735994984375 0.6555183953125 0.656877090625 0.6287625421875 0.6836329437499999 0.618729096875 0.7036998328124999 0.6287625421875 0.777278428125 0.7224080265625 0.777278428125 0.729096990625 0.717077759375
1 0.9966555187499999 0.777278428125 0.9966555187499999 0.6702550171875 0.9297658859375 0.653532609375 0.9063545156249999 0.6769439796875 0.8996655515624999 0.7438336125 0.9130434781250001 0.7672449828125 0.9230769234375 0.777278428125 0.9966555187499999 0.777278428125
1 0.324414715625 0.33246237500000003 0.35451505 0.3190844484375 0.35785953125000003 0.252194815625 0.3444816046875 0.21875 0.2541806015625 0.21875 0.260869565625 0.27226170625 0.324414715625 0.33246237500000003
1 0.5351170562500001 0.3190844484375 0.558528428125 0.2889841140625 0.551839465625 0.22209448125 0.468227425 0.21875 0.46488294375 0.252194815625 0.4849498328125 0.2956730765625 0.5183946484375 0.3224289296875 0.5351170562500001 0.3190844484375
1 0.7023411375 0.2889841140625 0.735785953125 0.305706521875 0.76923076875 0.2990175578125 0.799331103125 0.252194815625 0.7859531765625001 0.21875 0.70568561875 0.21875 0.6989966562500001 0.23881688906249998 0.7023411375 0.2889841140625
1 0.501672240625 0.6769439796875 0.4782608703125 0.6802884609375 0.4515050171875 0.7338001671875001 0.4548494984375 0.777278428125 0.531772575 0.777278428125 0.52842809375 0.717077759375 0.501672240625 0.6769439796875
1 0.9966555187499999 0.248850334375 0.9799331109375 0.23881688906249998 0.9498327765625 0.248850334375 0.9498327765625 0.33246237500000003 0.9598662203125 0.3558737453125 0.9966555187499999 0.3826295984375 0.9966555187499999 0.248850334375