1 0.3796875 0.59375 0.1109375 0.10625
1 0.5578125 0.4359375 0.109375 0.1078125
1 0.26875 0.678125 0.1140625 0.10625
1 0.8734375 0.5015625 0.1140625 0.103125
1 0.475 0.734375 0.134375 0.115625
1 0.1671875 0.6265625 0.1140625 0.1171875
1 0.55625 0.5484375 0.09375 0.11875
1 0.8484375 0.4046875 0.0984375 0.103125
1 0.9109375 0.609375 0.11875 0.1203125
1 0.6671875 0.6890625 0.1109375 0.125
1 0.246875 0.584375 0.1140625 0.0984375
1 0.6078125 0.2078125 0.1015625 0.0875
1 0.58125 0.765625 0.1171875 0.115625
1 0.371875 0.8109375 0.1125 0.084375
1 0.4921875 0.859375 0.1359375 0.1140625
1 0.690625 0.1703125 0.096875 0.1015625
1 0.8046875 0.790625 0.096875 0.10625
1 0.7453125 0.2828125 0.1078125 0.1015625
1 0.240625 0.4828125 0.10625 0.1
1 0.3703125 0.8890625 0.1109375 0.0984375
1 0.9578125 0.3078125 0.0828125 0.1109375
1 0.64375 0.290625 0.1046875 0.103125
1 0.58125 0.675 0.1015625 0.090625
1 0.8875 0.2234375 0.1015625 0.0953125
1 0.96875 0.4125 0.0625 0.1171875
1 0.76875 0.3859375 0.084375 0.090625
1 0.034375 0.5953125 0.0671875 0.10625
1 0.2109375 0.86875 0.1078125 0.0984375
1 0.775 0.1484375 0.1015625 0.0921875
1 0.4328125 0.409375 0.1015625 0.1125
1 0.7328125 0.625 0.140625 0.1
1 0.471875 0.6515625 0.1359375 0.0890625
1 0.1734375 0.73125 0.0921875 0.103125
1 0.3546875 0.484375 0.1296875 0.1046875
1 0.284375 0.7734375 0.115625 0.1265625
1 0.475 0.540625 0.10625 0.1203125
1 0.659375 0.4578125 0.11875 0.0921875
1 0.603125 0.0921875 0.0859375 0.065625
1 0.5796875 0.353125 0.096875 0.0953125
1 0.7046875 0.8734375 0.0828125 0.1078125
1 0.6734375 0.559375 0.1140625 0.0984375
1 0.0953125 0.690625 0.1 0.096875
1 0.7609375 0.4609375 0.1140625 0.0828125