1 0.6234375 0.4359375 0.1484375 0.1625
1 0.5453125 0.6828125 0.121875 0.1640625
1 0.2484375 0.6328125 0.096875 0.1078125
1 0.178125 0.6375 0.0640625 0.059375
1 0.3296875 0.7953125 0.0796875 0.0921875
1 0.5359375 0.5453125 0.1078125 0.1125
1 0.4234375 0.640625 0.1453125 0.15
1 0.7359375 0.6671875 0.1921875 0.1765625
1 0.171875 0.7015625 0.096875 0.1
1 0.3171875 0.684375 0.0828125 0.0921875
1 0.7296875 0.39375 0.1078125 0.134375
1 0.3765625 0.4515625 0.0890625 0.1078125
1 0.73125 0.83125 0.1578125 0.165625
1 0.4953125 0.775 0.09375 0.096875
1 0.3859375 0.325 0.1046875 0.1125
1 0.45 0.4046875 0.0640625 0.0609375
1 0.4109375 0.8328125 0.1203125 0.1
1 0.6453125 0.334375 0.059375 0.0640625
1 0.6640625 0.5671875 0.159375 0.1296875
1 0.2734375 0.5390625 0.0859375 0.075
1 0.4796875 0.9171875 0.0890625 0.11875
1 0.278125 0.871875 0.15625 0.1453125
1 0.4609375 0.496875 0.096875 0.121875
1 0.4078125 0.746875 0.125 0.084375
1 0.43125 0.253125 0.0984375 0.0953125
1 0.58125 0.353125 0.1 0.078125
1 0.35625 0.578125 0.1390625 0.1265625
1 0.2390625 0.75625 0.0953125 0.1046875