1 0.4875 0.2984375 0.0421875 0.078125
1 0.5609375 0.5328125 0.040625 0.0640625
1 0.5546875 0.5703125 0.0359375 0.046875
1 0.246875 0.2625 0.0515625 0.065625
1 0.5609375 0.415625 0.034375 0.078125
1 0.3375 0.4984375 0.05625 0.0375
1 0.425 0.4328125 0.05625 0.0265625
1 0.45 0.321875 0.03125 0.040625
1 0.503125 0.5984375 0.034375 0.075
1 0.628125 0.28125 0.0328125 0.0859375
1 0.5328125 0.5515625 0.03125 0.0421875
1 0.5203125 0.39375 0.0390625 0.0484375
1 0.525 0.303125 0.034375 0.08125
1 0.4609375 0.271875 0.0359375 0.0671875
1 0.4390625 0.3921875 0.03125 0.0625
1 0.6515625 0.6328125 0.0375 0.034375
1 0.471875 0.353125 0.03125 0.0390625
1 0.296875 0.4578125 0.0546875 0.1015625
1 0.31875 0.4078125 0.0640625 0.0546875
1 0.2171875 0.3921875 0.0953125 0.0546875
1 0.1953125 0.2734375 0.0625 0.0453125
1 0.709375 0.65625 0.0671875 0.075