1 0.30625 0.7515625 0.10625 0.096875
1 0.85625 0.5109375 0.05625 0.040625
1 0.83125 0.4796875 0.0546875 0.0359375
1 0.66875 0.7703125 0.046875 0.0453125
1 0.8484375 0.4015625 0.0640625 0.0328125
1 0.66875 0.7234375 0.09375 0.0546875
1 0.540625 0.746875 0.040625 0.0453125
1 0.7953125 0.384375 0.0546875 0.0375
1 0.7203125 0.31875 0.05 0.0515625
1 0.6421875 0.5359375 0.0640625 0.04375
1 0.446875 0.7234375 0.1078125 0.10625
1 0.5640625 0.7703125 0.03125 0.0578125
1 0.659375 0.61875 0.090625 0.08125
1 0.765625 0.528125 0.1203125 0.06875
1 0.6 0.7890625 0.0515625 0.0453125
1 0.7515625 0.3640625 0.0671875 0.0484375
1 0.8546875 0.628125 0.0328125 0.053125
1 0.15 0.590625 0.0421875 0.040625
1 0.8453125 0.159375 0.05 0.03125
1 0.6296875 0.6578125 0.0390625 0.04375
1 0.7546875 0.68125 0.06875 0.0453125
1 0.3484375 0.6984375 0.0484375 0.0578125
1 0.1984375 0.5859375 0.0703125 0.078125
1 0.0671875 0.6546875 0.0359375 0.0359375
1 0.678125 0.2 0.1171875 0.084375
1 0.1875 0.6671875 0.0625 0.0796875
1 0.59375 0.409375 0.0875 0.0734375
1 0.1171875 0.7453125 0.0875 0.1015625
1 0.746875 0.6 0.1171875 0.1
1 0.85625 0.56875 0.040625 0.0515625
1 0.75625 0.7484375 0.11875 0.1015625
1 0.6109375 0.275 0.1015625 0.0640625