1 0.65 0.2109375 0.1359375 0.1359375
1 0.559375 0.290625 0.125 0.125
1 0.665625 0.5671875 0.146875 0.128125
1 0.4046875 0.5296875 0.1546875 0.1578125
1 0.396875 0.675 0.178125 0.115625
1 0.365625 0.3515625 0.134375 0.15625
1 0.784375 0.44375 0.1515625 0.1125
1 0.525 0.396875 0.1421875 0.140625
1 0.740625 0.6578125 0.1796875 0.1328125
1 0.259375 0.446875 0.165625 0.134375
1 0.7078125 0.315625 0.121875 0.0984375
1 0.803125 0.5171875 0.1265625 0.06875
1 0.78125 0.20625 0.1390625 0.1328125
1 0.278125 0.5984375 0.14375 0.146875
1 0.5359375 0.83125 0.159375 0.1546875
1 0.24375 0.778125 0.0765625 0.0953125
1 0.8328125 0.6078125 0.1109375 0.128125
1 0.6609375 0.4359375 0.153125 0.1265625
1 0.4078125 0.9078125 0.1625 0.0625
1 0.653125 0.740625 0.146875 0.16875
1 0.540625 0.715625 0.1296875 0.1234375
1 0.2265625 0.54375 0.1140625 0.1015625
1 0.1125 0.5703125 0.153125 0.1359375
1 0.1328125 0.6984375 0.15 0.134375
1 0.9078125 0.371875 0.128125 0.1453125
1 0.7640625 0.5546875 0.0796875 0.14375
1 0.3984375 0.7859375 0.171875 0.1546875
1 0.9265625 0.5046875 0.140625 0.1390625
1 0.51875 0.5484375 0.128125 0.1734375
1 0.8046875 0.3453125 0.121875 0.11875
1 0.3546875 0.2078125 0.13125 0.1359375
1 0.728125 0.09375 0.1234375 0.0640625
1 0.278125 0.7265625 0.0875 0.115625
1 0.25625 0.8828125 0.146875 0.109375
1 0.1109375 0.4375 0.1421875 0.1328125
1 0.7 0.40625 0.0796875 0.0625
1 0.0375 0.6234375 0.0734375 0.1484375
1 0.6078125 0.1078125 0.1328125 0.096875
1 0.8203125 0.8765625 0.1234375 0.1265625
1 0.065625 0.5390625 0.0703125 0.0765625
1 0.3203125 0.1921875 0.0640625 0.0703125
1 0.8515625 0.3078125 0.053125 0.0546875
1 0.2953125 0.1359375 0.140625 0.0640625
1 0.1453125 0.825 0.15 0.165625
1 0.3125 0.8109375 0.05625 0.0515625
1 0.028125 0.49375 0.0546875 0.0984375
1 0.9515625 0.1375 0.096875 0.1328125
1 0.071875 0.159375 0.06875 0.103125
1 0.7171875 0.8796875 0.084375 0.1125
1 0.89375 0.765625 0.1765625 0.1703125
1 0.253125 0.2765625 0.128125 0.1984375
1 0.05 0.3875 0.0625 0.115625
1 0.0203125 0.1109375 0.040625 0.0671875
1 0.9515625 0.6484375 0.096875 0.159375
1 0.190625 0.3109375 0.0953125 0.165625
1 0.0359375 0.7625 0.071875 0.1359375
1 0.7515625 0.1484375 0.096875 0.065625
1 0.23125 0.65625 0.0703125 0.0703125
1 0.071875 0.90625 0.11875 0.0640625
1 0.8875 0.2015625 0.0890625 0.1078125
1 0.8375 0.1140625 0.103125 0.084375
1 0.3359375 0.765625 0.0609375 0.0828125
1 0.9671875 0.2828125 0.0640625 0.1359375
1 0.7765625 0.790625 0.1109375 0.1421875
1 0.0203125 0.40625 0.040625 0.10625
1 0.484375 0.0984375 0.1296875 0.075
1 0.4484375 0.15 0.28125 0.18125
1 0.0546875 0.8734375 0.09375 0.0671875
1 0.4765625 0.4625 0.0515625 0.053125
1 0.1546875 0.196875 0.084375 0.096875
1 0.8203125 0.0796875 0.1015625 0.0390625
1 0.9171875 0.2796875 0.075 0.1078125
1 0.3328125 0.8546875 0.1 0.075
1 0.615625 0.5125 0.071875 0.0578125
1 0.115625 0.115625 0.140625 0.1125
1 0.03125 0.3296875 0.0609375 0.11875
1 0.20625 0.09375 0.134375 0.065625