1 0.70625 0.075 0.128125 0.1296875
1 0.4828125 0.646875 0.11875 0.1328125
1 0.334375 0.4984375 0.18125 0.11875
1 0.59375 0.3796875 0.140625 0.1390625
1 0.4828125 0.559375 0.1359375 0.1171875
1 0.353125 0.7484375 0.1828125 0.16875
1 0.7953125 0.3984375 0.1171875 0.146875
1 0.2015625 0.4375 0.125 0.1015625
1 0.6015625 0.2625 0.140625 0.109375
1 0.725 0.2640625 0.1328125 0.10625
1 0.4546875 0.25 0.1296875 0.1078125
1 0.315625 0.60625 0.1953125 0.134375
1 0.390625 0.1109375 0.140625 0.1234375
1 0.2953125 0.1125 0.1265625 0.1265625
1 0.46875 0.4453125 0.1125 0.0984375
1 0.715625 0.184375 0.14375 0.09375
1 0.6375 0.6625 0.2109375 0.184375
1 0.3359375 0.2703125 0.11875 0.08125
1 0.1921875 0.209375 0.1375 0.1125
1 0.6046875 0.13125 0.1109375 0.1015625
1 0.496875 0.0453125 0.11875 0.0890625
1 0.4921875 0.8953125 0.209375 0.2015625