1 0.6296875 0.7671875 0.171875 0.1828125
1 0.5265625 0.840625 0.1375 0.19375
1 0.74375 0.4875 0.1640625 0.1765625
1 0.45 0.553125 0.1765625 0.1390625
1 0.628125 0.628125 0.1359375 0.1515625
1 0.4578125 0.428125 0.1828125 0.15
1 0.56875 0.296875 0.159375 0.16875
1 0.7625 0.6421875 0.165625 0.1671875
1 0.0546875 0.7875 0.10625 0.171875
1 0.296875 0.534375 0.1609375 0.165625
1 0.4453125 0.7453125 0.1421875 0.171875
1 0.4109375 0.234375 0.1421875 0.203125
1 0.2875 0.3328125 0.1703125 0.153125
1 0.6296875 0.45625 0.15 0.2
1 0.303125 0.70625 0.1453125 0.165625
1 0.88125 0.34375 0.1265625 0.18125
1 0.709375 0.1484375 0.1625 0.159375
1 0.071875 0.634375 0.14375 0.1625
1 0.1734375 0.553125 0.134375 0.146875
1 0.9171875 0.5359375 0.159375 0.20625
1 0.290625 0.8546875 0.1296875 0.16875
1 0.8453125 0.1859375 0.16875 0.1703125
1 0.5765625 0.1265625 0.146875 0.1328125
1 0.159375 0.7265625 0.1 0.146875
1 0.1796875 0.8515625 0.15625 0.1375
1 0.890625 0.85625 0.1796875 0.15625