1 0.415625 0.575 0.1234375 0.1296875
1 0.3203125 0.5796875 0.1078125 0.1375
1 0.1625 0.803125 0.1375 0.140625
1 0.5609375 0.515625 0.1265625 0.134375
1 0.23125 0.6015625 0.0984375 0.11875
1 0.8921875 0.4265625 0.215625 0.1734375
1 0.4453125 0.375 0.0546875 0.059375
1 0.6796875 0.2875 0.0546875 0.0671875
1 0.846875 0.6203125 0.159375 0.1234375
1 0.4609375 0.425 0.05 0.0453125
1 0.765625 0.359375 0.05625 0.0453125
1 0.24375 0.7171875 0.1203125 0.121875
1 0.9578125 0.778125 0.084375 0.1703125
1 0.2375 0.3375 0.0234375 0.0390625
1 0.340625 0.7046875 0.0578125 0.046875
1 0.4609375 0.4984375 0.046875 0.0390625
1 0.509375 0.7125 0.0609375 0.0515625
1 0.278125 0.453125 0.046875 0.04375