1 0.540625 0.709375 0.1046875 0.1265625
1 0.290625 0.3859375 0.096875 0.11875
1 0.6765625 0.6140625 0.1015625 0.1078125
1 0.1640625 0.5921875 0.09375 0.11875
1 0.60625 0.7796875 0.1046875 0.15
1 0.546875 0.859375 0.103125 0.096875
1 0.59375 0.64375 0.071875 0.071875
1 0.25 0.6421875 0.11875 0.11875
1 0.5046875 0.6515625 0.05 0.0625
1 0.4953125 0.3375 0.10625 0.1375
1 0.68125 0.7171875 0.13125 0.1296875
1 0.5140625 0.79375 0.1078125 0.0984375
1 0.425 0.7984375 0.09375 0.1296875
1 0.41875 0.5609375 0.1203125 0.1234375
1 0.7546875 0.5 0.125 0.1484375
1 0.6671875 0.4890625 0.1078125 0.1484375
1 0.1125 0.6828125 0.1109375 0.115625
1 0.0390625 0.5703125 0.0765625 0.0984375
1 0.8515625 0.3984375 0.0859375 0.1296875
1 0.4296875 0.6828125 0.1109375 0.1328125
1 0.8875 0.5375 0.1203125 0.153125
1 0.5375 0.475 0.1265625 0.1140625
1 0.45625 0.9015625 0.115625 0.078125
1 0.7859375 0.7953125 0.11875 0.0765625
1 0.028125 0.4671875 0.05625 0.1234375
1 0.78125 0.8796875 0.1171875 0.1046875
1 0.6125 0.3796875 0.1140625 0.125
1 0.5078125 0.2015625 0.1046875 0.1046875
1 0.83125 0.6875 0.078125 0.0890625
1 0.9359375 0.4 0.115625 0.128125
1 0.3234375 0.7078125 0.075 0.109375
1 0.7515625 0.34375 0.11875 0.1109375
1 0.4015625 0.415625 0.1234375 0.1125
1 0.2875 0.1421875 0.078125 0.0625
1 0.34375 0.7953125 0.115625 0.0953125
1 0.88125 0.7828125 0.125 0.096875
1 0.5625 0.1359375 0.08125 0.06875
1 0.3484375 0.8828125 0.1265625 0.1078125
1 0.7203125 0.2625 0.125 0.1203125
1 0.5859375 0.3234375 0.0953125 0.0890625
1 0.325 0.578125 0.1046875 0.1078125
1 0.5375 0.5671875 0.1265625 0.1
1 0.615625 0.234375 0.109375 0.121875
1 0.23125 0.7578125 0.1140625 0.1265625
1 0.6734375 0.1390625 0.1265625 0.1328125
1 0.0828125 0.76875 0.0984375 0.10625
1 0.5984375 0.1796875 0.071875 0.0546875
1 0.790625 0.1671875 0.1109375 0.10625
1 0.1859375 0.2515625 0.1046875 0.1015625
1 0.2546875 0.08125 0.05625 0.0359375
1 0.9765625 0.34375 0.0453125 0.0625
1 0.5296875 0.1078125 0.0640625 0.0625
1 0.48125 0.0734375 0.0640625 0.028125
1 0.825 0.2859375 0.11875 0.121875
1 0.478125 0.146875 0.0984375 0.0515625
1 0.08125 0.26875 0.096875 0.109375
1 0.9484375 0.3203125 0.090625 0.0515625
1 0.371875 0.4828125 0.0984375 0.0734375
1 0.8625 0.2375 0.0515625 0.0875
1 0.7453125 0.0984375 0.1125 0.0703125
1 0.9296875 0.2203125 0.0953125 0.109375
1 0.5609375 0.0796875 0.0828125 0.0390625
1 0.1484375 0.89375 0.1 0.090625
1 0.7453125 0.440625 0.065625 0.046875
1 0.203125 0.8453125 0.109375 0.090625
1 0.9359375 0.6859375 0.1265625 0.1125
1 0.2609375 0.915625 0.1125 0.0453125
1 0.375 0.6875 0.0671875 0.1109375
1 0.68125 0.08125 0.075 0.0390625
1 0.496875 0.1140625 0.0671875 0.0609375
1 0.825 0.4515625 0.0546875 0.084375
1 0.2796875 0.8671875 0.06875 0.0578125
1 0.025 0.6875 0.0484375 0.06875
1 0.103125 0.353125 0.0828125 0.1125
1 0.871875 0.1265625 0.0953125 0.109375
1 0.646875 0.8796875 0.1609375 0.1109375
1 0.078125 0.8546875 0.0515625 0.053125
1 0.2828125 0.10625 0.1015625 0.0421875
1 0.371875 0.09375 0.09375 0.04375
1 0.025 0.3109375 0.0453125 0.103125
1 0.390625 0.19375 0.1515625 0.109375
1 0.2953125 0.2875 0.0828125 0.121875