1 0.5375 0.634375 0.034375 0.0484375
1 0.6078125 0.3546875 0.046875 0.0921875
1 0.73125 0.2515625 0.05 0.0640625
1 0.765625 0.70625 0.1640625 0.096875
1 0.5640625 0.353125 0.0421875 0.090625
1 0.6515625 0.384375 0.034375 0.04375
1 0.921875 0.478125 0.1125 0.0625
1 0.603125 0.578125 0.040625 0.065625
1 0.509375 0.653125 0.0390625 0.05
1 0.5 0.6109375 0.0484375 0.0703125
1 0.80625 0.34375 0.0546875 0.0765625
1 0.846875 0.3078125 0.046875 0.06875
1 0.6765625 0.3453125 0.034375 0.05625
1 0.64375 0.328125 0.04375 0.0796875
1 0.625 0.4203125 0.034375 0.0453125
1 0.6609375 0.465625 0.034375 0.0703125
1 0.5640625 0.45625 0.04375 0.053125
1 0.775 0.5921875 0.071875 0.0421875
1 0.896875 0.33125 0.0609375 0.0765625
1 0.690625 0.403125 0.0390625 0.0796875
1 0.684375 0.65625 0.0671875 0.0453125
1 0.684375 0.265625 0.0359375 0.0515625
1 0.884375 0.4 0.04375 0.0828125
1 0.6140625 0.4671875 0.0390625 0.071875
1 0.484375 0.325 0.040625 0.059375
1 0.7421875 0.5234375 0.0484375 0.04375
1 0.4890625 0.2796875 0.04375 0.0671875
1 0.775 0.2234375 0.0625 0.0640625
1 0.59375 0.534375 0.109375 0.0796875
1 0.8234375 0.553125 0.059375 0.121875
1 0.85 0.3703125 0.0328125 0.040625
1 0.7234375 0.571875 0.021875 0.0625
1 0.590625 0.825 0.1140625 0.096875
1 0.7921875 0.4015625 0.0875 0.04375
1 0.3734375 0.446875 0.08125 0.1296875
1 0.5671875 0.6921875 0.04375 0.0859375
1 0.81875 0.5078125 0.0421875 0.0375
1 0.66875 0.5109375 0.0515625 0.03125
1 0.65 0.2671875 0.0375 0.053125
1 0.5125 0.4796875 0.040625 0.0796875
1 0.9359375 0.7609375 0.1265625 0.0375
1 0.853125 0.68125 0.0734375 0.0484375
1 0.9265625 0.40625 0.059375 0.0734375
1 0.8625 0.5015625 0.0390625 0.040625
1 0.715625 0.30625 0.096875 0.0546875
1 0.959375 0.3453125 0.0765625 0.0546875
1 0.5234375 0.7015625 0.0515625 0.0625
1 0.85 0.478125 0.03125 0.04375
1 0.6328125 0.775 0.0859375 0.046875
1 0.7828125 0.5015625 0.0453125 0.0390625
1 0.2453125 0.4203125 0.1859375 0.0390625
1 0.4453125 0.325 0.0421875 0.1015625
1 0.5625 0.1390625 0.0390625 0.0265625
1 0.8171875 0.4796875 0.0484375 0.0375
1 0.5046875 0.7359375 0.046875 0.04375
1 0.790625 0.446875 0.0875 0.0375
1 0.9359375 0.2484375 0.0625 0.0796875
1 0.390625 0.7171875 0.046875 0.0390625
1 0.5234375 0.7671875 0.05625 0.0796875
1 0.7328125 0.7890625 0.0703125 0.1375
1 0.4515625 0.7734375 0.1015625 0.0796875
1 0.771875 0.825 0.0953125 0.0484375
1 0.371875 0.7765625 0.0640625 0.065625
1 0.96875 0.4125 0.040625 0.0390625
1 0.6046875 0.178125 0.0984375 0.103125
1 0.903125 0.5640625 0.1875 0.0859375
1 0.3171875 0.7375 0.0921875 0.0828125
1 0.13125 0.853125 0.05625 0.040625
1 0.0984375 0.403125 0.121875 0.046875
1 0.4140625 0.740625 0.0609375 0.05625
1 0.146875 0.4578125 0.18125 0.075
1 0.890625 0.1640625 0.0734375 0.0765625
1 0.28125 0.478125 0.103125 0.0796875
1 0.115625 0.775 0.1046875 0.0359375
1 0.8375 0.184375 0.0578125 0.0390625
1 0.1515625 0.3703125 0.128125 0.0515625
1 0.8484375 0.215625 0.1203125 0.065625
1 0.978125 0.54375 0.040625 0.0421875
1 0.4078125 0.303125 0.0359375 0.0390625
1 0.3921875 0.8484375 0.18125 0.0515625
1 0.6703125 0.5875 0.04375 0.071875
1 0.1671875 0.7984375 0.0484375 0.0359375
1 0.084375 0.3484375 0.0671875 0.0453125
1 0.96875 0.3875 0.04375 0.0375
1 0.2328125 0.815625 0.1578125 0.096875
1 0.5734375 0.24375 0.09375 0.1296875
1 0.9796875 0.23125 0.0375 0.0390625
1 0.2828125 0.2890625 0.1421875 0.0765625
1 0.421875 0.325 0.0375 0.1875
1 0.9890625 0.440625 0.0203125 0.0515625
1 0.9859375 0.1921875 0.028125 0.0484375
1 0.5875 0.3875 0.0328125 0.0421875
1 0.115625 0.2359375 0.2171875 0.06875
1 0.725 0.1703125 0.09375 0.0890625
1 0.0390625 0.315625 0.046875 0.0390625
1 0.140625 0.73125 0.1421875 0.0640625
1 0.975 0.715625 0.0484375 0.0859375
1 0.9578125 0.840625 0.0828125 0.0609375
1 0.225 0.584375 0.1875 0.05
1 0.4578125 0.7171875 0.0546875 0.0453125
1 0.034375 0.45625 0.06875 0.0671875
1 0.078125 0.8390625 0.078125 0.06875
1 0.2296875 0.5453125 0.228125 0.0546875
1 0.34375 0.4234375 0.0484375 0.0640625
1 0.6109375 0.646875 0.0796875 0.0796875
1 0.1734375 0.8375 0.0484375 0.0671875
1 0.0375 0.73125 0.071875 0.2859375
1 0.2609375 0.165625 0.0703125 0.0484375
1 0.7140625 0.7875 0.0234375 0.046875
1 0.9484375 0.178125 0.046875 0.10625
1 0.0375 0.365625 0.0734375 0.0953125
1 0.8828125 0.2609375 0.04375 0.040625
1 0.3140625 0.1578125 0.1171875 0.065625
1 0.0171875 0.2515625 0.0328125 0.1828125
1 0.596875 0.453125 0.01875 0.0859375
1 0.23125 0.6453125 0.15 0.1015625
1 0.903125 0.7875 0.0875 0.0796875