1 0.084375 0.5828125 0.09375 0.1125
1 0.2984375 0.415625 0.1265625 0.1625
1 0.4328125 0.56875 0.1359375 0.184375
1 0.4015625 0.35 0.1078125 0.11875
1 0.653125 0.26875 0.1640625 0.121875
1 0.390625 0.48125 0.13125 0.1359375
1 0.5765625 0.4703125 0.1734375 0.1359375
1 0.05625 0.4671875 0.078125 0.08125
1 0.6859375 0.36875 0.1734375 0.15
1 0.8546875 0.4953125 0.178125 0.1546875
1 0.2921875 0.578125 0.103125 0.1515625
1 0.13125 0.490625 0.078125 0.1015625
1 0.3421875 0.2609375 0.1375 0.1234375
1 0.4890625 0.2875 0.121875 0.1453125
1 0.346875 0.6390625 0.090625 0.1328125
1 0.20625 0.465625 0.109375 0.165625
1 0.6546875 0.603125 0.1625 0.1953125
1 0.21875 0.3421875 0.10625 0.0828125
1 0.9203125 0.325 0.1578125 0.1515625
1 0.421875 0.8015625 0.115625 0.09375
1 0.9546875 0.45 0.0890625 0.1078125
1 0.4390625 0.6921875 0.1609375 0.140625
1 0.584375 0.76875 0.1109375 0.15
1 0.1921875 0.659375 0.1265625 0.1921875
1 0.7484375 0.5390625 0.128125 0.140625
1 0.3125 0.759375 0.140625 0.1375
1 0.915625 0.6421875 0.1625 0.1296875
1 0.396875 0.1953125 0.1265625 0.0859375
1 0.778125 0.6546875 0.115625 0.1359375
1 0.86875 0.3703125 0.1265625 0.10625
1 0.26875 0.2515625 0.0828125 0.134375
1 0.125 0.4171875 0.0828125 0.0828125
1 0.5625 0.3453125 0.1 0.1015625
1 0.5171875 0.43125 0.1109375 0.1078125