1 0.203125 0.60625 0.1625 0.1234375
1 0.28125 0.5375 0.1328125 0.1265625
1 0.2640625 0.7015625 0.1421875 0.153125
1 0.303125 0.2875 0.109375 0.0921875
1 0.3203125 0.4125 0.140625 0.1296875
1 0.8609375 0.7328125 0.140625 0.1390625
1 0.1984375 0.3953125 0.1359375 0.1171875
1 0.13125 0.5328125 0.115625 0.115625
1 0.3546875 0.815625 0.1390625 0.14375
1 0.25625 0.1734375 0.13125 0.1265625
1 0.7765625 0.659375 0.1484375 0.125
1 0.44375 0.40625 0.121875 0.1359375
1 0.3390625 0.0828125 0.1109375 0.046875
1 0.471875 0.8 0.1328125 0.1421875
1 0.434375 0.296875 0.1109375 0.1125
1 0.1796875 0.8953125 0.0984375 0.0875
1 0.0359375 0.30625 0.0578125 0.0890625
1 0.828125 0.8625 0.10625 0.13125
1 0.3734375 0.203125 0.1234375 0.1296875
1 0.3703125 0.6984375 0.1171875 0.1140625
1 0.7265625 0.778125 0.1265625 0.140625
1 0.065625 0.4234375 0.1296875 0.13125
1 0.1 0.096875 0.1265625 0.075
1 0.5328125 0.5609375 0.134375 0.159375
1 0.0859375 0.803125 0.10625 0.13125
1 0.20625 0.296875 0.1 0.125
1 0.4296875 0.1125 0.1203125 0.1046875
1 0.6265625 0.65 0.1265625 0.1390625
1 0.584375 0.903125 0.1375 0.071875
1 0.171875 0.8203125 0.0765625 0.0953125
1 0.0359375 0.55 0.0703125 0.1421875
1 0.4375 0.6015625 0.06875 0.071875
1 0.1140625 0.30625 0.1171875 0.13125
1 0.9265625 0.81875 0.1171875 0.134375
1 0.8078125 0.5375 0.1171875 0.1234375
1 0.675 0.5125 0.1578125 0.1265625
1 0.2890625 0.8796875 0.075 0.0734375
1 0.06875 0.1984375 0.1046875 0.1296875
1 0.5015625 0.7015625 0.1515625 0.125
1 0.61875 0.828125 0.071875 0.0828125
1 0.903125 0.5953125 0.1046875 0.121875
1 0.1359375 0.2203125 0.0640625 0.0703125
1 0.19375 0.5 0.1125 0.1171875
1 0.078125 0.6859375 0.075 0.1046875
1 0.6 0.4015625 0.121875 0.1515625
1 0.2890625 0.3796875 0.078125 0.065625
1 0.44375 0.909375 0.1515625 0.0578125
1 0.0375 0.721875 0.0671875 0.0703125
1 0.321875 0.34375 0.115625 0.075
1 0.1765625 0.25 0.0484375 0.0515625
1 0.60625 0.303125 0.059375 0.046875
1 0.2359375 0.8703125 0.05625 0.0703125
1 0.6859375 0.6171875 0.09375 0.103125
1 0.01875 0.6484375 0.0375 0.0734375
1 0.321875 0.9109375 0.0796875 0.0578125
1 0.0265625 0.1609375 0.053125 0.1453125
1 0.66875 0.0828125 0.06875 0.0453125
1 0.9765625 0.46875 0.046875 0.0640625
1 0.671875 0.26875 0.0421875 0.0515625
1 0.528125 0.4328125 0.0671875 0.084375
1 0.9703125 0.6671875 0.059375 0.0640625
1 0.6234375 0.2625 0.04375 0.04375
1 0.95625 0.25 0.046875 0.065625
1 0.7015625 0.8796875 0.1390625 0.11875
1 0.89375 0.2828125 0.0703125 0.0859375
1 0.53125 0.340625 0.08125 0.1171875
1 0.790625 0.153125 0.1171875 0.1125
1 0.603125 0.76875 0.0859375 0.103125
1 0.865625 0.3328125 0.0640625 0.0625
1 0.959375 0.5171875 0.0546875 0.065625
1 0.709375 0.7328125 0.0734375 0.0625
1 0.85 0.2578125 0.0921875 0.0703125
1 0.171875 0.1375 0.103125 0.1171875
1 0.28125 0.115625 0.1265625 0.1109375
1 0.95625 0.30625 0.075 0.1203125
1 0.971875 0.565625 0.0390625 0.071875
1 0.1328125 0.70625 0.1046875 0.1546875
1 0.2265625 0.0921875 0.0765625 0.0625