1 0.1234375 0.5203125 0.0546875 0.1203125
1 0.2171875 0.6609375 0.184375 0.084375
1 0.3875 0.6171875 0.046875 0.0859375
1 0.3359375 0.5046875 0.0421875 0.0703125
1 0.4078125 0.55 0.0328125 0.05
1 0.4 0.7765625 0.125 0.1078125
1 0.2921875 0.2734375 0.040625 0.1046875
1 0.334375 0.2671875 0.046875 0.096875
1 0.1796875 0.55 0.0671875 0.0421875
1 0.45625 0.7 0.046875 0.0546875
1 0.4375 0.5703125 0.034375 0.0515625
1 0.2640625 0.396875 0.0328125 0.075
1 0.803125 0.590625 0.05625 0.0328125
1 0.4015625 0.3875 0.0453125 0.084375
1 0.4328125 0.51875 0.05625 0.0703125
1 0.4890625 0.6265625 0.0484375 0.0421875
1 0.253125 0.246875 0.0453125 0.0796875
1 0.625 0.703125 0.0359375 0.090625
1 0.559375 0.6109375 0.0421875 0.0421875
1 0.5828125 0.671875 0.05625 0.078125
1 0.04375 0.3671875 0.0421875 0.09375
1 0.3515625 0.3734375 0.0359375 0.0578125
1 0.0359375 0.4578125 0.0703125 0.0734375
1 0.509375 0.6828125 0.0859375 0.075
1 0.30625 0.390625 0.0421875 0.0734375
1 0.4390625 0.2171875 0.046875 0.10625
1 0.540625 0.6421875 0.0625 0.05
1 0.0609375 0.2671875 0.0421875 0.071875
1 0.7140625 0.2140625 0.1078125 0.0640625
1 0.225 0.3375 0.0375 0.084375
1 0.34375 0.7171875 0.0875 0.0484375
1 0.1171875 0.65625 0.075 0.0484375
1 0.20625 0.1921875 0.034375 0.053125
1 0.403125 0.228125 0.0421875 0.046875
1 0.7171875 0.378125 0.2078125 0.1265625
1 0.2421875 0.1875 0.0390625 0.0515625
1 0.5171875 0.3296875 0.0796875 0.11875
1 0.1609375 0.184375 0.053125 0.0640625
1 0.5125 0.8109375 0.1 0.1125
1 0.25625 0.446875 0.0703125 0.0375
1 0.60625 0.6203125 0.053125 0.06875
1 0.3265625 0.8171875 0.0671875 0.0359375
1 0.865625 0.415625 0.1921875 0.2234375
1 0.1375 0.403125 0.0890625 0.0515625
1 0.2953125 0.1671875 0.125 0.0828125
1 0.13125 0.353125 0.0828125 0.046875
1 0.021875 0.296875 0.0421875 0.084375
1 0.30625 0.7859375 0.0359375 0.0421875
1 0.815625 0.6671875 0.0609375 0.0921875
1 0.96875 0.334375 0.0609375 0.0875
1 0.25625 0.3109375 0.0359375 0.040625
1 0.040625 0.14375 0.059375 0.0375
1 0.390625 0.1765625 0.05 0.0671875
1 0.1078125 0.296875 0.0609375 0.0796875
1 0.2296875 0.2734375 0.0359375 0.0515625
1 0.453125 0.6515625 0.0453125 0.0390625
1 0.11875 0.44375 0.05625 0.0390625
1 0.196875 0.471875 0.0484375 0.0390625
1 0.7703125 0.24375 0.1125 0.05625
1 0.559375 0.7484375 0.13125 0.0390625
1 0.1796875 0.2359375 0.103125 0.0453125
1 0.146875 0.4546875 0.0578125 0.040625
1 0.490625 0.1828125 0.05 0.046875
1 0.2203125 0.79375 0.084375 0.0609375
1 0.4296875 0.61875 0.04375 0.06875
1 0.3359375 0.45625 0.1234375 0.065625
1 0.6375 0.2828125 0.15625 0.0609375
1 0.053125 0.53125 0.1015625 0.0953125
1 0.0140625 0.3765625 0.0265625 0.078125
1 0.5140625 0.23125 0.0734375 0.075
1 0.275 0.6 0.075 0.0390625
1 0.4296875 0.678125 0.0328125 0.0515625
1 0.0859375 0.44375 0.0359375 0.04375
1 0.0234375 0.1796875 0.046875 0.0390625
1 0.45625 0.303125 0.05625 0.0796875
1 0.0734375 0.3671875 0.0359375 0.065625
1 0.9703125 0.3921875 0.0578125 0.05
1 0.090625 0.278125 0.025 0.0421875
1 0.33125 0.859375 0.040625 0.0296875
1 0.9671875 0.1640625 0.0640625 0.059375
1 0.6171875 0.2015625 0.115625 0.053125
1 0.8921875 0.1546875 0.10625 0.05625
1 0.0421875 0.653125 0.0828125 0.0421875
1 0.3171875 0.5265625 0.025 0.0515625
1 0.759375 0.6125 0.059375 0.084375
1 0.059375 0.7515625 0.1171875 0.046875
1 0.0109375 0.221875 0.0203125 0.040625
1 0.321875 0.3015625 0.028125 0.0421875
1 0.0671875 0.853125 0.0375 0.0390625
1 0.846875 0.19375 0.15 0.0953125
1 0.0109375 0.709375 0.021875 0.075
1 0.9234375 0.390625 0.0546875 0.0578125
1 0.4015625 0.146875 0.059375 0.0390625
1 0.778125 0.76875 0.0640625 0.08125
1 0.734375 0.3078125 0.1328125 0.0828125
1 0.471875 0.7375 0.028125 0.03125
1 0.36875 0.2171875 0.0515625 0.0640625
1 0.115625 0.165625 0.0484375 0.065625
1 0.2171875 0.521875 0.0265625 0.0671875
1 0.1234375 0.7 0.0328125 0.028125
1 0.8203125 0.625 0.0796875 0.0421875
1 0.9625 0.2265625 0.075 0.084375
1 0.465625 0.2015625 0.046875 0.1515625
1 0.1171875 0.471875 0.0421875 0.0390625
1 0.0703125 0.33125 0.0359375 0.0453125
1 0.784375 0.190625 0.0296875 0.0359375
1 0.9234375 0.5640625 0.15 0.278125
1 0.6765625 0.471875 0.1390625 0.0703125
1 0.7625 0.690625 0.0703125 0.0796875
1 0.6046875 0.340625 0.084375 0.1125
1 0.85 0.146875 0.05 0.0421875
1 0.5875 0.76875 0.0484375 0.034375
1 0.0484375 0.1671875 0.090625 0.0765625
1 0.9875 0.2921875 0.025 0.0328125
1 0.2359375 0.5171875 0.0453125 0.078125
1 0.5875 0.15625 0.1015625 0.0625
1 0.4171875 0.1359375 0.0515625 0.01875
1 0.021875 0.675 0.0421875 0.1234375
1 0.8890625 0.7640625 0.15625 0.2109375
1 0.39375 0.853125 0.1546875 0.0421875