1 0.3734375 0.7203125 0.065625 0.0484375
1 0.353125 0.6671875 0.0515625 0.04375
1 0.359375 0.76875 0.053125 0.05
1 0.3859375 0.553125 0.071875 0.0875
1 0.2796875 0.56875 0.096875 0.1046875
1 0.1546875 0.5390625 0.1125 0.0953125
1 0.2359375 0.4484375 0.0953125 0.103125
1 0.5 0.6234375 0.084375 0.084375
1 0.10625 0.7296875 0.0453125 0.0421875
1 0.1578125 0.678125 0.040625 0.0421875
1 0.659375 0.79375 0.0453125 0.04375
1 0.05 0.4234375 0.046875 0.0390625
1 0.8640625 0.396875 0.06875 0.0703125
1 0.6203125 0.803125 0.06875 0.109375
1 0.7859375 0.775 0.053125 0.034375
1 0.5484375 0.8359375 0.090625 0.0796875
1 0.540625 0.684375 0.0484375 0.040625
1 0.3390625 0.83125 0.0546875 0.0625
1 0.6953125 0.784375 0.0421875 0.0484375
1 0.5671875 0.734375 0.059375 0.053125
1 0.66875 0.709375 0.0453125 0.053125
1 0.921875 0.51875 0.03125 0.034375
1 0.7859375 0.8484375 0.059375 0.0515625
1 0.559375 0.6203125 0.0640625 0.0625
1 0.8609375 0.703125 0.0328125 0.040625
1 0.3109375 0.6734375 0.04375 0.05625
1 0.0515625 0.5828125 0.096875 0.0890625
1 0.278125 0.7515625 0.0484375 0.05625
1 0.7890625 0.8109375 0.0515625 0.0421875
1 0.1828125 0.790625 0.13125 0.1171875
1 0.8640625 0.6609375 0.0421875 0.0546875
1 0.865625 0.58125 0.040625 0.0546875
1 0.5703125 0.78125 0.040625 0.034375
1 0.4921875 0.828125 0.0875 0.09375