1 0.653125 0.553125 0.1203125 0.1265625
1 0.7515625 0.3203125 0.1125 0.1046875
1 0.4921875 0.6953125 0.1125 0.1125
1 0.571875 0.265625 0.10625 0.090625
1 0.559375 0.3640625 0.1109375 0.08125
1 0.615625 0.8484375 0.128125 0.140625
1 0.25 0.4484375 0.075 0.084375
1 0.3765625 0.875 0.1140625 0.1140625
1 0.721875 0.853125 0.1234375 0.1296875
1 0.4828125 0.19375 0.0703125 0.0671875
1 0.5859375 0.73125 0.0953125 0.1265625
1 0.203125 0.503125 0.078125 0.0828125
1 0.7828125 0.4359375 0.096875 0.0921875
1 0.44375 0.6421875 0.1078125 0.090625
1 0.7203125 0.721875 0.1375 0.1328125
1 0.453125 0.334375 0.071875 0.06875
1 0.34375 0.5484375 0.1015625 0.0890625
1 0.265625 0.3125 0.078125 0.0625
1 0.471875 0.4484375 0.0859375 0.0890625
1 0.5890625 0.16875 0.0640625 0.0546875
1 0.353125 0.18125 0.0625 0.0625
1 0.4796875 0.7765625 0.1046875 0.065625
1 0.1765625 0.3484375 0.0671875 0.059375
1 0.4125 0.4046875 0.0953125 0.0828125
1 0.4125 0.215625 0.0765625 0.0703125
1 0.6734375 0.646875 0.1203125 0.09375
1 0.5296875 0.9140625 0.0671875 0.0953125
1 0.5796875 0.6234375 0.08125 0.0890625
1 0.8265625 0.51875 0.0921875 0.10625
1 0.8453125 0.765625 0.053125 0.1171875
1 0.290625 0.74375 0.0859375 0.078125