1 0.665625 0.51875 0.15625 0.140625
1 0.771875 0.2984375 0.11875 0.1671875
1 0.525 0.6828125 0.146875 0.1890625
1 0.6875 0.3015625 0.1296875 0.15625
1 0.4765625 0.309375 0.1109375 0.1421875
1 0.3203125 0.71875 0.13125 0.2046875
1 0.896875 0.44375 0.1515625 0.14375
1 0.5734375 0.315625 0.1078125 0.11875
1 0.6484375 0.4078125 0.1390625 0.1140625
1 0.115625 0.340625 0.1390625 0.1375
1 0.1671875 0.628125 0.15625 0.196875
1 0.0671875 0.5546875 0.109375 0.125
1 0.3703125 0.50625 0.159375 0.1453125
1 0.3546875 0.2265625 0.125 0.15
1 0.7640625 0.5328125 0.1125 0.11875
1 0.7765625 0.4375 0.103125 0.1375
1 0.725 0.6296875 0.16875 0.1203125
1 0.1375 0.4796875 0.128125 0.146875
1 0.2234375 0.2859375 0.125 0.1171875
1 0.665625 0.7796875 0.1359375 0.1328125
1 0.4234375 0.6875 0.08125 0.1671875
1 0.859375 0.609375 0.128125 0.1328125
1 0.6171875 0.6109375 0.11875 0.1546875
1 0.575 0.20625 0.1140625 0.1078125
1 0.1015625 0.7671875 0.11875 0.1328125
1 0.4578125 0.409375 0.1 0.10625
1 0.796875 0.7125 0.103125 0.1203125
1 0.453125 0.7859375 0.1125 0.1015625
1 0.175 0.8046875 0.0953125 0.0859375
1 0.8859375 0.196875 0.0828125 0.06875
1 0.878125 0.3453125 0.0828125 0.0703125
1 0.05 0.70625 0.0953125 0.121875
1 0.975 0.2625 0.05 0.1078125
1 0.4703125 0.1875 0.1171875 0.071875
1 0.703125 0.196875 0.0921875 0.078125
1 0.0609375 0.4484375 0.0859375 0.0984375
1 0.8046875 0.8140625 0.15625 0.06875
1 0.5328125 0.4421875 0.115625 0.1015625
1 0.96875 0.71875 0.0625 0.11875
1 0.3703125 0.615625 0.1015625 0.0890625
1 0.0515625 0.2171875 0.071875 0.0640625
1 0.9234375 0.315625 0.090625 0.10625
1 0.0234375 0.25 0.046875 0.0640625
1 0.5015625 0.521875 0.1546875 0.1359375
1 0.95625 0.184375 0.075 0.0546875
1 0.8484375 0.26875 0.075 0.0921875
1 0.353125 0.396875 0.1359375 0.146875
1 0.0234375 0.628125 0.046875 0.11875
1 0.853125 0.5015625 0.06875 0.0734375
1 0.9625 0.2171875 0.0734375 0.0578125
1 0.0390625 0.3375 0.0765625 0.1265625
1 0.190625 0.225 0.1421875 0.13125
1 0.2421875 0.3859375 0.14375 0.175
1 0.8140625 0.1984375 0.0796875 0.0828125
1 0.890625 0.2484375 0.05 0.05
1 0.1265625 0.178125 0.109375 0.053125
1 0.0765625 0.2609375 0.0625 0.0390625
1 0.6421875 0.18125 0.053125 0.059375
1 0.253125 0.8234375 0.08125 0.0484375
1 0.909375 0.571875 0.071875 0.0859375
1 0.0203125 0.7734375 0.040625 0.0859375
1 0.1421875 0.2453125 0.0546875 0.084375
1 0.6140625 0.4640625 0.06875 0.0765625