1 0.05625 0.578125 0.08125 0.1078125
1 0.5859375 0.3359375 0.1453125 0.1171875
1 0.1125 0.5828125 0.078125 0.090625
1 0.046875 0.4625 0.0734375 0.08125
1 0.865625 0.6734375 0.10625 0.1
1 0.3375 0.5140625 0.1234375 0.1328125
1 0.6078125 0.440625 0.15 0.1375
1 0.775 0.734375 0.140625 0.1296875
1 0.50625 0.5234375 0.153125 0.1265625
1 0.9375 0.5125 0.11875 0.1203125
1 0.7390625 0.5828125 0.15 0.1578125
1 0.553125 0.6609375 0.14375 0.190625
1 0.1109375 0.4203125 0.0734375 0.075
1 0.315625 0.29375 0.11875 0.1171875
1 0.359375 0.728125 0.146875 0.128125
1 0.2625 0.440625 0.1140625 0.1546875
1 0.6546875 0.709375 0.0984375 0.09375
1 0.909375 0.6078125 0.109375 0.1125
1 0.2796875 0.6640625 0.08125 0.1234375
1 0.178125 0.48125 0.0953125 0.165625
1 0.1078125 0.4953125 0.0671875 0.0921875
1 0.328125 0.8171875 0.096875 0.0625
1 0.84375 0.55 0.1015625 0.103125
1 0.8328125 0.428125 0.16875 0.1515625
1 0.2390625 0.5984375 0.0921875 0.1484375
1 0.5109375 0.209375 0.1421875 0.115625
1 0.4734375 0.79375 0.103125 0.1078125
1 0.8921875 0.3171875 0.09375 0.125
1 0.2015625 0.3609375 0.096875 0.0765625
1 0.359375 0.3875 0.096875 0.1140625
1 0.4421875 0.340625 0.10625 0.140625
1 0.3625 0.603125 0.121875 0.175
1 0.846875 0.228125 0.0921875 0.0828125
1 0.959375 0.434375 0.08125 0.0953125