1 0.3546875 0.5484375 0.1328125 0.184375
1 0.2140625 0.384375 0.1296875 0.1671875
1 0.60625 0.34375 0.1671875 0.15
1 0.665625 0.5171875 0.1265625 0.1453125
1 0.5703125 0.5796875 0.165625 0.2015625
1 0.5765625 0.2390625 0.1703125 0.128125
1 0.353125 0.66875 0.165625 0.1453125
1 0.3203125 0.3171875 0.109375 0.121875
1 0.125 0.4359375 0.115625 0.175
1 0.40625 0.2578125 0.125 0.146875
1 0.103125 0.63125 0.1296875 0.1921875
1 0.778125 0.478125 0.184375 0.1671875
1 0.2046875 0.5484375 0.103125 0.1515625
1 0.4953125 0.44375 0.1703125 0.1390625
1 0.259375 0.225 0.1359375 0.125
1 0.496875 0.74375 0.1203125 0.165625
1 0.3078125 0.453125 0.134375 0.1421875
1 0.953125 0.4765625 0.09375 0.115625