1 0.2640625 0.51875 0.175 0.140625
1 0.1828125 0.2953125 0.1375 0.1578125
1 0.5265625 0.21875 0.13125 0.1328125
1 0.396875 0.703125 0.18125 0.1765625
1 0.271875 0.315625 0.1484375 0.14375
1 0.5921875 0.5625 0.1703125 0.1359375
1 0.0609375 0.4078125 0.1203125 0.115625
1 0.796875 0.709375 0.153125 0.215625
1 0.4421875 0.55625 0.1703125 0.1296875
1 0.409375 0.2375 0.1265625 0.1234375
1 0.6125 0.759375 0.1421875 0.1734375
1 0.15625 0.425 0.1234375 0.11875
1 0.39375 0.3484375 0.1203125 0.1140625
1 0.89375 0.453125 0.171875 0.128125
1 0.1859375 0.6171875 0.178125 0.1171875
1 0.503125 0.3578125 0.13125 0.1328125
1 0.753125 0.471875 0.1515625 0.1765625
1 0.834375 0.3296875 0.1453125 0.1265625
1 0.090625 0.6828125 0.1140625 0.11875
1 0.2921875 0.4265625 0.1640625 0.1109375
1 0.7890625 0.3828125 0.1390625 0.115625