1 0.6515625 0.70625 0.1328125 0.1140625
1 0.6515625 0.8 0.115625 0.1296875
1 0.4953125 0.8125 0.2109375 0.18125
1 0.3640625 0.68125 0.128125 0.1046875
1 0.678125 0.4046875 0.1296875 0.103125
1 0.20625 0.490625 0.1609375 0.134375
1 0.79375 0.4234375 0.1140625 0.084375
1 0.7453125 0.265625 0.1359375 0.1171875
1 0.6390625 0.2015625 0.1171875 0.0953125
1 0.525 0.41875 0.1578125 0.1015625
1 0.5453125 0.1765625 0.1046875 0.1078125
1 0.315625 0.35 0.1375 0.11875
1 0.7921875 0.653125 0.1625 0.121875
1 0.41875 0.3375 0.1296875 0.084375
1 0.4296875 0.23125 0.1234375 0.125
1 0.7953125 0.7609375 0.1546875 0.1375
1 0.58125 0.9328125 0.1828125 0.134375
1 0.6984375 0.346875 0.1375 0.0796875
1 0.1984375 0.321875 0.1171875 0.0890625
1 0.4328125 0.5296875 0.0921875 0.115625
1 0.665625 0.5984375 0.1140625 0.1
1 0.8265625 0.5578125 0.09375 0.08125
1 0.3421875 0.5546875 0.1265625 0.1484375
1 0.778125 0.9015625 0.178125 0.1625
1 0.5421875 0.5359375 0.1421875 0.1375
1 0.1984375 0.4046875 0.1296875 0.0765625
1 0.528125 0.284375 0.109375 0.0984375
1 0.2265625 0.8796875 0.1453125 0.1375
1 0.484375 0.125 0.084375 0.071875
1 0.8234375 0.3671875 0.1015625 0.109375
1 0.2921875 0.259375 0.13125 0.1
1 0.4203125 0.721875 0.1078125 0.075
1 0.625 0.28125 0.1046875 0.0984375
1 0.275 0.9625 0.159375 0.0734375
1 0.1625 0.7421875 0.078125 0.125
1 0.6734375 0.0921875 0.0828125 0.08125
1 0.7453125 0.4921875 0.1640625 0.1
1 0.4109375 0.4203125 0.1421875 0.10625
1 0.4734375 0.61875 0.1078125 0.1015625
1 0.378125 0.8890625 0.1453125 0.1421875
1 0.8078125 0.146875 0.1234375 0.0765625
1 0.7390625 0.58125 0.078125 0.0796875
1 0.8234375 0.25 0.096875 0.1609375
1 0.296875 0.1609375 0.0875 0.0921875
1 0.1625 0.853125 0.0765625 0.096875