1 0.253125 0.2828125 0.10625 0.1015625
1 0.2671875 0.6265625 0.1375 0.1
1 0.3328125 0.690625 0.1140625 0.1265625
1 0.565625 0.4109375 0.103125 0.115625
1 0.3546875 0.2890625 0.103125 0.103125
1 0.2515625 0.540625 0.0625 0.1
1 0.41875 0.675 0.0984375 0.0921875
1 0.8234375 0.7328125 0.0875 0.103125
1 0.3296875 0.8265625 0.0484375 0.0546875
1 0.2859375 0.875 0.08125 0.1125
1 0.440625 0.4375 0.1046875 0.10625
1 0.30625 0.1703125 0.1 0.103125
1 0.753125 0.5828125 0.115625 0.0984375
1 0.3296875 0.559375 0.109375 0.096875
1 0.515625 0.7359375 0.1171875 0.115625
1 0.65 0.484375 0.13125 0.103125
1 0.309375 0.3671875 0.1015625 0.0765625
1 0.4203125 0.765625 0.1125 0.1140625
1 0.196875 0.5796875 0.090625 0.0953125
1 0.7296875 0.6796875 0.1140625 0.1078125
1 0.3890625 0.209375 0.0984375 0.0875
1 0.703125 0.38125 0.0796875 0.1234375
1 0.9 0.6890625 0.0890625 0.1
1 0.125 0.503125 0.11875 0.1078125
1 0.1015625 0.328125 0.078125 0.1109375
1 0.5328125 0.540625 0.1109375 0.1203125
1 0.4203125 0.3515625 0.0890625 0.09375
1 0.4890625 0.121875 0.2140625 0.09375
1 0.375 0.8203125 0.053125 0.0703125
1 0.0859375 0.615625 0.125 0.13125
1 0.5296875 0.6515625 0.1296875 0.0890625
1 0.1953125 0.7921875 0.1015625 0.109375
1 0.6453125 0.734375 0.0640625 0.071875
1 0.334375 0.4578125 0.1171875 0.090625
1 0.225 0.1484375 0.103125 0.0953125
1 0.1515625 0.4046875 0.0984375 0.1078125
1 0.2890625 0.08125 0.0484375 0.040625
1 0.834375 0.625 0.109375 0.1140625
1 0.5578125 0.0921875 0.1515625 0.0609375
1 0.23125 0.384375 0.0875 0.0890625
1 0.44375 0.5453125 0.0953125 0.1203125
1 0.840625 0.5125 0.084375 0.1
1 0.621875 0.5953125 0.1109375 0.1078125
1 0.084375 0.4203125 0.0484375 0.0734375
1 0.7984375 0.2734375 0.053125 0.075
1 0.2390625 0.4578125 0.115625 0.0890625
1 0.8078125 0.4515625 0.04375 0.0890625
1 0.659375 0.3078125 0.1046875 0.0921875
1 0.5109375 0.8578125 0.1328125 0.115625
1 0.2203125 0.515625 0.0921875 0.0453125
1 0.271875 0.796875 0.0609375 0.090625
1 0.6171875 0.25 0.13125 0.05
1 0.621875 0.6921875 0.0671875 0.0828125
1 0.6265625 0.809375 0.11875 0.0859375
1 0.171875 0.2765625 0.0609375 0.0734375
1 0.8484375 0.240625 0.0421875 0.04375
1 0.1109375 0.225 0.1046875 0.096875
1 0.215625 0.2140625 0.071875 0.0625
1 0.665625 0.5546875 0.078125 0.071875
1 0.5125 0.4390625 0.059375 0.075
1 0.1859375 0.675 0.11875 0.1328125
1 0.884375 0.2921875 0.025 0.028125
1 0.15625 0.15625 0.0453125 0.0546875
1 0.9140625 0.559375 0.0578125 0.053125
1 0.03125 0.4140625 0.0625 0.115625
1 0.284375 0.2375 0.078125 0.05625
1 0.865625 0.809375 0.0890625 0.0859375
1 0.4 0.09375 0.0859375 0.06875
1 0.4953125 0.1671875 0.1484375 0.096875
1 0.1578125 0.3390625 0.0609375 0.065625
1 0.665625 0.103125 0.1046875 0.078125
1 0.134375 0.7296875 0.090625 0.0734375
1 0.7859375 0.86875 0.1109375 0.103125
1 0.8859375 0.4421875 0.0421875 0.046875
1 0.040625 0.3125 0.08125 0.115625
1 0.7171875 0.7765625 0.115625 0.1203125
1 0.6984375 0.8859375 0.0484375 0.0828125
1 0.8984375 0.3984375 0.08125 0.0609375
1 0.0359375 0.5390625 0.0703125 0.1296875
1 0.9328125 0.3453125 0.0234375 0.0265625
1 0.9640625 0.7171875 0.053125 0.0734375
1 0.3484375 0.0859375 0.0890625 0.0484375
1 0.428125 0.9 0.0625 0.075
1 0.6875 0.7015625 0.0640625 0.0734375
1 0.9671875 0.596875 0.0640625 0.1125
1 0.95 0.459375 0.0265625 0.153125
1 0.5796875 0.3078125 0.1046875 0.0953125
1 0.89375 0.7703125 0.0796875 0.0703125
1 0.7484375 0.928125 0.0546875 0.025
1 0.9828125 0.5171875 0.0328125 0.0421875
1 0.7890625 0.5609375 0.053125 0.053125
1 0.471875 0.084375 0.0828125 0.0453125
1 0.971875 0.5421875 0.05 0.0484375