1 0.5359375 0.540625 0.1265625 0.140625
1 0.45625 0.6109375 0.121875 0.13125
1 0.3609375 0.4046875 0.1265625 0.0734375
1 0.584375 0.340625 0.13125 0.1375
1 0.76875 0.5453125 0.1078125 0.0796875
1 0.621875 0.4734375 0.1203125 0.121875
1 0.4765625 0.759375 0.1546875 0.1828125
1 0.534375 0.4375 0.0890625 0.0765625
1 0.7515625 0.721875 0.1 0.1
1 0.78125 0.3453125 0.115625 0.1375
1 0.6171875 0.690625 0.18125 0.15625
1 0.196875 0.3484375 0.134375 0.125
1 0.559375 0.85 0.109375 0.103125
1 0.2546875 0.7859375 0.240625 0.1984375
1 0.30625 0.65625 0.1984375 0.1265625
1 0.3796875 0.0984375 0.1921875 0.1421875
1 0.7671875 0.2609375 0.065625 0.059375
1 0.446875 0.4375 0.065625 0.0515625
1 0.7640625 0.8421875 0.09375 0.09375
1 0.353125 0.33125 0.146875 0.0984375
1 0.6546875 0.803125 0.153125 0.0984375
1 0.84375 0.540625 0.0625 0.1
1 0.475 0.3625 0.1046875 0.10625
1 0.440625 0.2390625 0.1734375 0.1265625
1 0.7375 0.0703125 0.15625 0.1125
1 0.7375 0.4296875 0.0984375 0.0859375
1 0.190625 0.4890625 0.1265625 0.1671875
1 0.8125 0.6453125 0.125 0.1171875
1 0.6359375 0.1375 0.146875 0.0984375
1 0.4375 0.0453125 0.1171875 0.0890625
1 0.6734375 0.6109375 0.1765625 0.1359375
1 0.778125 0.171875 0.11875 0.1140625
1 0.1734375 0.696875 0.1 0.128125
1 0.584375 0.175 0.1359375 0.1125
1 0.66875 0.8984375 0.153125 0.109375
1 0.3421875 0.19375 0.08125 0.08125
1 0.265625 0.2875 0.1390625 0.1078125
1 0.8359375 0.775 0.078125 0.11875
1 0.2859375 0.9359375 0.196875 0.128125
1 0.784375 0.4921875 0.0921875 0.0578125
1 0.5734375 0.0640625 0.16875 0.0953125
1 0.828125 0.4375 0.090625 0.115625
1 0.8296875 0.2265625 0.0875 0.103125
1 0.175 0.040625 0.1015625 0.08125
1 0.83125 0.3171875 0.084375 0.09375
1 0.2625 0.20625 0.128125 0.0984375
1 0.1671875 0.2203125 0.0859375 0.134375
1 0.6984375 0.2 0.071875 0.0640625
1 0.8328125 0.0984375 0.0859375 0.1078125
1 0.6046875 0.9703125 0.096875 0.059375
1 0.6015625 0.0234375 0.1375 0.046875
1 0.8109375 0.9171875 0.121875 0.1609375
1 0.2515625 0.0359375 0.1078125 0.0703125
1 0.7453125 0.0125 0.1046875 0.025
1 0.8453125 0.025 0.05625 0.05
1 0.184375 0.809375 0.1171875 0.1171875
1 0.15 0.1 0.0515625 0.0828125