1 0.3953125 0.4859375 0.121875 0.103125
1 0.6671875 0.4921875 0.1109375 0.1203125
1 0.203125 0.3296875 0.096875 0.10625
1 0.1390625 0.490625 0.1078125 0.1234375
1 0.2296875 0.4234375 0.1171875 0.1109375
1 0.1046875 0.3609375 0.0984375 0.121875
1 0.4828125 0.575 0.11875 0.1046875
1 0.675 0.68125 0.1265625 0.1375
1 0.1421875 0.66875 0.1125 0.1265625
1 0.815625 0.484375 0.1359375 0.103125
1 0.190625 0.76875 0.1171875 0.1328125
1 0.6140625 0.78125 0.125 0.134375
1 0.5484375 0.7109375 0.1109375 0.115625
1 0.7671875 0.3921875 0.10625 0.125
1 0.4875 0.778125 0.1125 0.1484375
1 0.70625 0.3015625 0.1078125 0.115625
1 0.8671875 0.3671875 0.103125 0.15
1 0.75625 0.7953125 0.125 0.1453125
1 0.0375 0.39375 0.075 0.10625
1 0.1984375 0.590625 0.115625 0.0765625
1 0.040625 0.78125 0.0796875 0.1453125
1 0.6375 0.6125 0.1453125 0.1171875
1 0.8265625 0.671875 0.109375 0.1078125
1 0.49375 0.371875 0.121875 0.11875
1 0.6109375 0.3875 0.11875 0.128125
1 0.234375 0.871875 0.1203125 0.1296875
1 0.3921875 0.7734375 0.1171875 0.1375
1 0.9078125 0.8703125 0.1015625 0.10625
1 0.928125 0.471875 0.115625 0.115625
1 0.9578125 0.2328125 0.0828125 0.1328125