1 0.334375 0.5578125 0.18125 0.1609375
1 0.3328125 0.33125 0.15 0.1625
1 0.590625 0.2140625 0.1359375 0.1234375
1 0.7203125 0.775 0.15 0.146875
1 0.903125 0.7328125 0.1734375 0.2125
1 0.840625 0.46875 0.1609375 0.1953125
1 0.471875 0.234375 0.13125 0.1359375
1 0.215625 0.4640625 0.125 0.1421875
1 0.9171875 0.303125 0.1546875 0.1375
1 0.165625 0.7546875 0.121875 0.1328125
1 0.575 0.3671875 0.134375 0.1421875
1 0.2609375 0.671875 0.1875 0.1265625
1 0.5265625 0.5859375 0.1796875 0.1390625
1 0.4875 0.746875 0.1859375 0.1953125
1 0.359375 0.453125 0.1703125 0.125
1 0.8703125 0.36875 0.1484375 0.128125
1 0.0875 0.4578125 0.1703125 0.1421875
1 0.10625 0.6375 0.15 0.140625
1 0.4609375 0.3578125 0.1265625 0.125
1 0.709375 0.46875 0.15625 0.1609375
1 0.21875 0.565625 0.1296875 0.1203125