1 0.3171875 0.715625 0.121875 0.1109375
1 0.4046875 0.834375 0.14375 0.1546875
1 0.4671875 0.7484375 0.1234375 0.13125
1 0.1640625 0.734375 0.1296875 0.128125
1 0.5390625 0.8203125 0.1265625 0.1734375
1 0.31875 0.509375 0.1234375 0.1421875
1 0.2484375 0.8609375 0.1421875 0.1546875
1 0.603125 0.478125 0.1328125 0.1328125
1 0.915625 0.296875 0.103125 0.1390625
1 0.8890625 0.453125 0.115625 0.1421875
1 0.859375 0.778125 0.128125 0.153125
1 0.2 0.4046875 0.121875 0.15
1 0.1578125 0.5109375 0.153125 0.1109375
1 0.8046875 0.271875 0.1078125 0.121875
1 0.5234375 0.5921875 0.13125 0.140625
1 0.0921875 0.3890625 0.115625 0.178125
1 0.7859375 0.3875 0.1234375 0.1265625
1 0.64375 0.80625 0.13125 0.1578125
1 0.903125 0.6546875 0.115625 0.1578125
1 0.3609375 0.6421875 0.165625 0.1328125
1 0.1109375 0.809375 0.115625 0.1515625
1 0.8328125 0.5796875 0.1234375 0.0984375
1 0.8234375 0.88125 0.1296875 0.1125
1 0.2640625 0.2953125 0.125 0.1328125
1 0.496875 0.3515625 0.134375 0.1390625
1 0.371875 0.378125 0.1328125 0.1484375
1 0.0453125 0.509375 0.090625 0.1265625
1 0.6734375 0.4140625 0.1046875 0.1296875
1 0.4546875 0.5296875 0.14375 0.1359375
1 0.1140625 0.621875 0.1453125 0.1625
1 0.6984375 0.58125 0.1421875 0.1265625
1 0.7765625 0.6609375 0.1390625 0.128125
1 0.75 0.809375 0.0953125 0.1375
1 0.6328125 0.6859375 0.1203125 0.1125
1 0.7828125 0.4984375 0.096875 0.1046875
1 0.8765625 0.140625 0.0828125 0.1109375
1 0.1609375 0.2578125 0.08125 0.1453125
1 0.9421875 0.8796875 0.109375 0.115625
1 0.0328125 0.375 0.0640625 0.1546875
1 0.2015625 0.1 0.1140625 0.078125
1 0.9671875 0.525 0.0640625 0.0875
1 0.2828125 0.6796875 0.0625 0.0796875
1 0.028125 0.671875 0.0546875 0.1
1 0.1046875 0.8703125 0.1859375 0.1359375
1 0.615625 0.6140625 0.0703125 0.0609375